0.024087899229534936	0.008057618482634341	-0.04453608843563389	-0.04702903629244085	0.1649315144868412	-0.04963066678981702	0.49156221997410926	1.17045565650568	1.3635733084889063	1.124384556986311	1.3252408052621487	1.2123797135488008	1.3643254516054777	1.4735390137675917	-36927896.12213053
0.26710079702648104	0.38914079268123636	0.1106246417099352	0.280102961448129	-0.12397449945849177	-0.15509492333730462	0.058454821954746404	1.9398069867734224	3.8920227520104995	1.8074218737100098	3.2177078792073806	1.842685833035315	6.104532982713836	3.4066798700593868	1043.7183606938854
0.31650149747601997	0.4998600356420225	-0.04336615565747941	0.28382650217638244	-0.10857456287712987	-0.16420532401214458	-0.24703003657791658	7.3066939270584985	20.146915198894366	5.172185303342659	13.700601092067348	3.7599783117667385	18.45633361619045	8.854578043134033	2946.451652917309
0.41040299494084664	0.785671493976664	-0.5631647946456488	0.18851270404222945	0.28229412488862593	-0.15858271469554647	-0.6336027053985718	22.00397475387313	72.83430843041366	14.96365199045063	53.963517261784446	3.389680625847048	18.645080373869128	9.446182226753999	3138.042386247246
0.29581136567130545	0.8607943522133503	-0.8300390620226796	0.280924877947621	0.44698173848143297	-0.16610015164427636	-0.6546619137434966	20.505131817704225	73.89697432259324	11.529674428130205	54.4270727016599	3.0788567930142126	18.47870697490057	9.332297866516209	3153.710407924707
0.23759456042413563	0.9050591262773208	-0.8483288072057201	0.2936605278614418	0.45060268260858605	-0.16304173563089266	-0.6650283737067159	17.506571427464547	66.98529435928383	7.793996823893638	45.99553358785103	2.986646705196863	18.35337396818371	9.41117463073517	3155.26183932578
0.19353125450383976	0.9144964306406587	-0.8647657866054609	0.30169773461710825	0.4802687651262908	-0.16479956845177857	-0.6505601596369239	14.784557424176993	59.35524436159314	6.653530828677033	38.024660607741026	2.879635518025615	18.42874513826123	9.142402243144495	3156.167551004656
0.2021673338335383	0.9145379870999795	-0.8423681022949538	0.28001894588901133	0.47237776448475843	-0.1651302323625274	-0.6540394626716015	14.931550205102011	51.73761381067915	6.854569221677046	30.487653959383273	2.88737952198552	18.47802079056516	9.057776723206445	3156.6686161208927
0.18778664467085576	0.9291174522474193	-0.87309505859835	0.3136552156118718	0.4735471611436849	-0.15819055145562985	-0.634010969974725	13.545427814882757	47.75315335944564	6.639790997088327	24.837924250384805	2.839158084966493	18.1189900058841	9.234607114956148	3156.9790967032486
0.23911883246889606	0.9004902377675281	-0.871415878384573	0.3085505721201588	0.469451169682111	-0.1599252082557785	-0.6390403502113978	13.13539272436535	38.03358652442491	6.677259455149945	16.227784096818393	2.884382045482395	18.475097320082263	9.222810947562289	3157.326918159581
0.2471276164226736	0.9005500113618078	-0.8902986278630172	0.3235365064829854	0.4649881219811184	-0.15401684389830114	-0.6351793663928774	13.065704309413563	30.79171432494636	7.107761106175266	8.565154063652317	2.8117945103826267	18.481932473933078	9.172230101248058	3158.265970351428
0.22870441958951887	0.8976146369361839	-0.911380212327123	0.32797681113845684	0.48196058087089644	-0.16288949300627018	-0.6333727780496268	11.482821374128982	26.246636992531162	7.845587117882607	5.497302152452708	2.7396295462704847	18.33411518981545	9.180229045543129	3158.748435737037
0.25157562383026544	0.8864546303251556	-0.9168000818412971	0.3299049487241709	0.48335609699828896	-0.15916323478235805	-0.6328367935798094	12.15989679525173	24.753787091324018	7.605519221849007	5.235056431235792	2.8235541020145303	18.238327330795126	9.233286923818826	3159.1523025938222
0.2637552925851633	0.8812535328928127	-0.9281841365209109	0.3274091087480569	0.47635979683114327	-0.16289038068534897	-0.6401486503636319	12.17653201276784	23.162271256584717	7.82721842866769	5.085015573065939	2.8964024997944033	18.36520446951105	9.238863146438971	3159.1994191319536
0.26060627426742994	0.883542596022443	-0.9327009627494106	0.3321023228203889	0.4724367727971711	-0.16202547287415747	-0.6357762729414445	11.975500455607841	22.21832283388779	7.696192372761256	5.024510962439684	2.854283270617093	18.264789504421753	9.26587950940427	3159.357821633531
0.2555556733848395	0.8818907296487322	-0.9407493969098483	0.3320408420630946	0.4890353563330943	-0.16521539596058368	-0.6406954779540085	12.129454342857077	20.978754078247807	7.636093293541436	5.082031668583882	2.768486507986633	18.212202741210046	9.055071312092416	3159.643793335698
0.2573630758709536	0.8831391005013941	-0.9391029631721286	0.33587165446960665	0.48215331390047844	-0.165175031265755	-0.6462497471832649	12.43054166595363	19.666043809435358	7.654713521921766	5.143701196664109	2.866996816981705	18.348718832939408	9.333578902936601	3159.770812348754
0.26908819838577586	0.8771554695419604	-0.935730178921903	0.3312980778420916	0.4796659578134209	-0.1617603039285392	-0.6298529689191275	12.72300078935348	17.815042533840238	7.495083321764171	5.15591162156497	2.765483028026224	18.480839988791754	9.293674868463453	3159.529747271442
0.26508127505729023	0.8847266395395708	-0.9346801307661096	0.3379644583863828	0.48252900046767644	-0.16035766420089853	-0.6360375215807144	12.501197680285612	18.47139015897366	7.563947732537817	4.9954783744922935	2.7495491666692167	18.37467702773252	9.208415513307152	3160.1507893904527
0.26345786894747325	0.8839850532548376	-0.9360539516263798	0.3390346106314658	0.47422784727666767	-0.16272275537177425	-0.6296935753937777	12.760486679628057	16.30282429614271	7.282572821737778	5.210629299879967	2.8069532400979647	18.285447105420165	9.107217723463416	3159.858071899044
0.2564120971156161	0.8840340637614229	-0.937071409909071	0.3407118025960903	0.4755951449879301	-0.16483703305019357	-0.6250674978218199	13.03187297713033	15.665998117948773	7.399320057428997	5.123040202607246	2.844316088312434	18.2030203196115	9.180033490818868	3160.1827224838717
0.2553329414878246	0.8803125347560314	-0.943726176503221	0.3349655073858184	0.4845854654980001	-0.1670663081241066	-0.617521157806048	13.031260202949834	15.082688180495026	7.26213247078118	4.91509373544247	2.748580379956814	18.457099261876387	8.863691848072897	3160.3198093728843
0.26623251832592604	0.885042502812828	-0.9399539948725627	0.33811291334993904	0.4812155835101488	-0.16082159224801992	-0.6391892502010871	13.439550308627378	14.30113676941694	7.302794914566037	5.138807424969052	2.8148896840335706	18.252051696727634	9.247170956633196	3159.856864957813
0.25590244094243475	0.8874321102098157	-0.9369682912571928	0.3394967619535895	0.47909765543896826	-0.16254467533101521	-0.6364873387810138	13.574016602821251	14.0682327883953	7.703806559619023	4.899399537902056	2.818396615194224	18.51871218714929	9.157488609756282	3160.0602991471055
0.2561114677593096	0.8881314948288808	-0.9306986793387794	0.34454310121644377	0.46415025064925214	-0.16322098392135054	-0.6393626812615519	13.836668379005271	13.461365724740965	7.514055928605442	5.035791624053661	2.7717761031777943	18.293908880001013	9.265608626745113	3160.325743272001
0.25756267129485233	0.8829891259689888	-0.9385772414681975	0.33641039626211744	0.4844257017251578	-0.16378363985091987	-0.6155063850616288	13.940211430677007	13.57232667537512	7.591080466447911	5.088528013915002	2.827250741246229	18.417595731819684	9.116424374077909	3160.2709055497357
0.2569851533434675	0.8811532998543604	-0.9423480870285554	0.33448197528737855	0.47767260538186507	-0.1651486261762102	-0.6400280264849846	13.977361854193523	13.182544747529839	7.512407414498438	5.178822979220891	2.8181677226161526	18.226097380404223	9.206152276811029	3160.2464016571785
0.263255969558059	0.8866966226745789	-0.9384176275481265	0.3394920503449928	0.483045167970425	-0.15965596177055452	-0.6319803614790473	13.938801255887235	13.138930005630227	7.745127270339699	5.0914152964391155	2.79395260162575	18.146315596748	9.136249798161579	3160.198680052268
0.261180123320899	0.8859730822585937	-0.9410468676877252	0.3405499972564343	0.48021317775859307	-0.1619463351368125	-0.6223908597583117	14.042988851469758	12.733042016417016	7.662556802850823	5.071715627546442	2.7507683099646396	18.368593826077426	9.187668918881604	3160.0864111468327
