-0.408143644035356
0.0878072576180074
0.190298117581918
-0.494520458241436
0.17373953834295
-0.461695022333223
0.208617411690467
-0.0321925913623826
-0.497602132710232
0.347130358554211
-0.0150356300297398
-0.342822896592647
-0.153458571537361
-0.309829250395903
0.244944136522825
-0.0151370329662208
-0.257984905652779
-0.0151851664026907
0.297041037935549
-0.37956259897131
-0.206657525498603
-0.119842157294462
0.176460278819842
-0.137213646854088
0.679916549169409
-0.37956259897131
-0.0325930777202037
0.036960044177133
-0.171820388758874
0.141410794267135
0.036960044177133
-0.0673817369682565
-0.486132799278742
0.159402486701895
-0.242486334738205
-0.594518883949939
-0.191632100304477
-0.0330961078941965
0.266477531883521
-0.22683097430393
-0.99038049676851
-0.140419036480969
-0.624104687163333
0.25316963147702
-0.194966862912297
-0.303269992968761
-0.53913866143737
-0.0159111517616421
0.146848969579401
-1.0514139106247
-0.437055875963159
-1.96120612852744
-0.29755447066893
0.32062526211258
0.189029576451346
-0.634522787591822
-0.771040548339523
0.0589640279545074
-0.471975774029768
-1.33754947395366
-0.229298101616663
-1.41765948804326
-0.193895010965609
0.413505187419301
-0.782749903217043
0.0809546570533855
-0.392294345873171
2.21081425542885
2.48417419658996
0.622544529061427
0.2268185458659
-0.466377021679191
-0.5252240304966
1.81752293889209
0.520127667383359
-0.386022938312018
0.131753145039045
-0.201501431187327
2.03876428426023
-0.0704909385748002
0.310685678726593
1.06554395802176
-0.123388333433398
-0.321441394692372
-0.0338395719161204
-1.10280013543003
1.59238685161424
0.073868074111801
0.395532819291474
-0.642287061035744
-0.682627266559036
1.36714720406376
-0.39102524502405
-0.195002204038734
-0.0157617837555339
-0.105555798157568
-0.466032751222182
0.434460813428857
0.396802829407313
0.0558747596860661
0.910552005469108
0.620833268978356
-0.651933584326096
-0.834939581512776
0.537325680771435
-0.300712071289281
0.695704534452709
-0.335084964635461
0.304003508176006
0.179300072215179
0.461223837316745
-0.0859300126478095
-0.103655298921694
0.565366949967635
0.230073843929409
-1.28429121585206
0.515231932784606
0.037469298696909
-0.262764123848328
0.0552291921904609
-0.103936088102767
0.00218348322846464
0.0375691877732083
0.408221643692715
0.213376803542805
-0.332412232648841
0.231238292211429
0.125303716879862
0.230433955425476
0.875246476054999
-0.0673817369682565
0.0891324496662589
-0.0152002630126084
-0.311241812528288
-0.119969921717326
-0.330129896484569
0.735299002695374
-0.381159031862991
0.0370935900588305
0.2984283631241
0.00218348322846464
0.106531318783661
0.10642254756635
-0.0499224667129188
-0.747667445051129
-0.894525822033291
-0.831376366701679
-0.336769655488715
-0.0693217039440845
0.856889541074287
0.161630766544215
-0.157263800087285
-0.584641353614738
-0.0334925785127542
0.0200231050757911
0.322753659805193
-0.264886914987931
-0.229855889068046
-0.158775149393834
-0.716339457162966
0.14630168507805
0.146094283384753
-0.502413010027129
0.308849187618783
-0.214188761302618
0.470399717679112
-0.105672000892335
0.593954240924451
-0.0156976075657049
0.394830784046625
0.322297574833515
-0.246705534140483
-0.247326537500662
0.376215444800794
-0.193563531850841
0.162368620265848
0.0199660030583766
-0.17578417363883
-0.265363274065004
0.0735993048676072
0.0913815981425999
-0.87540789286719
0.379237525417194
-0.789472324556665
0.0202454357746314
0.254708869947891
0.0562132008868195
-0.340498789172298
-0.432363642721726
0.00218348322846464
0.328270728698217
-0.305759881215365
0.707239282895141
-0.0518754423154559
-0.069940573269837
-0.0158556617649779
0.00218348322846464
0.00218348322846464
-1.01323775285447
-0.0525061544485654
-0.601384878563941
-0.734332458926105
-0.628148600077264
-0.501220208734103
0.263523934380146
-0.0724155504436756
-0.0164749737712781
-0.803441482942983
-0.582668669651324
0.474105076393124
-1.09610439810131
-0.264737552274489
-0.131544686476152
-1.42256144873674
-0.659297527947215
0.197191345338551
3.16609421039967
-0.451846808649851
-0.130631259755813
-0.607226134646736
-0.957516780872495
0.961883747329425
0.687508838285441
-0.989245037950907
-0.151220190191396
0.193901333362241
0.0213350680806375
-0.68959483281799
0.17557722670027
-0.887226865490158
-0.367502704904158
0.468928787977981
-0.308737871019675
-0.524698406926475
-0.311357827916984
-1.54056863402874
-0.838494005927519
-0.602657070359606
0.948150082473572
0.162311619925855
-0.198016783838843
1.19741683561258
-0.494095450984448
1.0513864169632
0.512889759228659
0.627185517745584
0.15782553799429
-0.309343248466458
-0.134415230567101
-0.50682309734406
-0.647616971947111
0.278372256149369
1.74033875517452
-0.211015550914388
-0.71829475749338
-0.920567738757842
-0.611133307234605
-0.335755413078324
-0.0177308850540163
-0.0177348516645896
-1.40205222907543
0.807016801511303
-0.0379047113352608
0.601825495872517
-0.979100049176244
-0.17910370510628
-1.05173790558864
-1.10415847119707
-0.472778689985546
-0.412668802266817
-1.04253976726503
-1.69241330621636
0.279516994318281
0.299992680148327
0.256744503171831
-1.96621554337492
1.1408787818788
-0.233085580484286
0.0877999268144765
-0.857297527419702
-1.51991591780707
-1.45447436304206
2.33144721547969
0.00218348322846464
2.74442900887889
1.34561258814122
-2.27543500582718
1.50533446965466
-0.672497549558941
-0.400572758078436
-0.231734752088756
-1.54258012481849
1.35515161426075
-0.232733869867767
-0.147597223065847
0.429534560966656
0.914850329820767
-0.484950806349997
0.235456836810806
0.256044419224584
0.213243080361832
0.674596186953354
0.774065901202355
1.75318094400326
-1.02409810246568
-0.0597296340108448
-0.660619274612876
-0.4560551857324
-0.0186955230066881
-2.17204464425837
0.513040277500705
2.64218595565045
-2.02399549348104
0.696119608250319
-1.2843469685481
-0.274147864889833
-1.43422239058216
1.60872976388405
-0.722920994696012
-0.0192229173670271
-0.642148642864763
-0.299931550189162
-0.474420538530766
-0.804536252127645
0.0459567384688959
-0.0853821966225003
0.657064671119019
0.0239391669866269
0.371307775975556
-0.410456911162675
-0.455882537477651
-0.0634261418697306
-0.546243908697123
-0.328322491306569
-0.351564398376773
0.576390007914992
-1.61845360765751
-0.897103152827909
-0.0655901554213061
-0.314702250480551
0.544802947102481
-1.45139650480807
-0.0206971941394001
-0.686682616290072
0.18634559789343
-0.620727747688236
0.648091149798998
-0.690020480465274
1.22185111680127
-1.24064033893918
0.0253396718233063
-0.904904955257394
0.188924900708006
0.467517035792594
-0.416519152193188
-0.864028183614444
-0.303951219534552
-0.779162980319785
-1.45839557625113
-0.336062792391116
0.0747612050547149
1.18022331192517
0.407670025690784
-0.954532735415596
0.505600583792217
2.15483904877308
-0.34947553583156
-0.162348226235002
-0.919482027263933
0.0496555942552897
0.852850238661281
-0.801033686497969
0.286409160121466
-1.35514179608982
0.50439666362175
-0.332344905208241
-0.237452385102358
-0.50292883545369
0.00218348322846464
-0.118458345856724
-1.4814871717439
-0.0468361255962761
-0.810128675758296
0.936999638915
0.417578093978784
-0.0465970055437175
0.513195667151918
0.944333223162426
-0.697541895554858
-0.313082935288904
-0.94962358032196
-0.317109432020494
0.835113335471123
-0.339947837794967
0.490584942471003
-0.510700776968779
-0.267523680385888
-0.194425083421705
0.0267807038665764
-0.763157865195811
-2.45654549280271
0.786501229331056
0.479871380887627
-0.52592034693291
-0.579434036982955
-1.53119693136752
1.17987246590772
1.06548464050763
-0.249959867705011
-0.225290392187364
1.58374023453884
-0.497193334820238
0.973669514606653
-0.0474073930667822
1.47931521525972
-1.87256308676672
-0.247131031351692
1.24258638775402
-0.591290068752996
1.23463684508702
-0.488976639717546
0.419823200951304
1.12359942835076
0.341002781223572
0.147041065294758
-1.13819039382656
0.925192222170464
0.243671163974453
0.747110633373501
1.47559416877465
1.19811754017101
1.18398382098155
0.140305052148322
1.93868322706123
0.811176659425624
-2.03270472739983
-1.05408351296426
-0.0670925846615915
-1.1829122967345
1.48712956281708
-0.807163055184172
0.071813287596741
-0.137124642388845
1.63835317823791
2.50767511207235
-1.07357767553298
1.30061229132725
1.17411508287618
0.0681103068447338
-1.54754866130099
0.71361378488934
-1.02209623561051
0.00218348322846464
0.114027807604141
-0.7383113174293
-1.10755500322684
0.161473538527386
-0.020556710161183
-1.67197555894265
0.44062886080077
0.163232638019247
1.68902539517256
1.34930758221645
-0.13171522010658
1.11256575566034
-0.440490989106738
-0.286609342166148
0.15779093932415
0.379082277688677
-0.775339038694449
0.646845046723528
0.0464900856369262
-1.35807832014882
0.091950096078582
0.628303596662412
-1.11865317776113
-0.155740971477473
0.272758620118859
1.1885432285457
-0.354482075428978
1.22292886144338
0.0683429299023393
-0.972569471696964
0.379919739503517
-0.576109943336016
0.0690805756998832
-0.444644784776586
-0.334252855196419
-0.020285902328369
-0.177753587362865
-0.947834971573551
0.02490817370235
0.478212943858488
-0.701325602338957
0.00218348322846464
-0.13455309231493
-0.0890782160100338
0.639273237632384
-0.247617941094639
0.38797767556384
-0.36087568570559
0.183877832555176
0.725677482433303
0.608586239835248
0.11407786661621
-0.626043846578754
-0.110416461108457
-0.404229358851075
0.0474221177932461
-1.34103534614973
0.299700581049208
-1.07766618275519
0.279000268989756
-0.459604453537569
0.969487202396121
-0.411230059183269
-0.182105903184153
0.00218348322846464
-0.367417307114841
-0.717828917758582
0.629581846569945
-0.369132793945652
-0.253898602938899
0.374450083453022
-1.40102008288222
-0.0213708685469032
-0.0449418710838183
0.613087638792183
-0.0212439504033417
-0.93944305992311
-0.139828374957766
0.215125714408611
-0.424155390876616
-0.497520114585374
-0.0932819178166049
-0.380592103747971
1.40646694316889
0.0730635807027775
0.567422859089891
-0.681217314865149
0.00218348322846464
-0.519391904968306
-0.761361147328047
0.432394471809146
0.644049469157944
-0.140097783363839
0.758688273135163
0.40176093342937
-0.515221245833512
-0.446830623404008
0.545470516946641
-0.825733723673598
-0.0928735581497346
0.452901836091376
-0.496097296214774
0.192297608930899
-0.235515701663573
0.0497685424180679
-0.857831373135424
0.862198339592353
-0.570337164575522
0.00218348322846464
-0.141460304937128
-0.550370475182253
-0.263164640139417
0.0504809968454108
0.57994146976725
0.122130720831267
-0.695521740913122
0.0504576816074149
-0.0460907151504857
-0.239537688371564
-0.0704469521154365
0.195747540760601
0.122971032640258
-0.166959966545314
-0.215707899430987
0.244255738935258
0.364196669705837
0.434876466004271
0.145999423644357
-0.093670825572582
0.552095209720456
0.454188534943597
0.428522357333546
0.261831923684504
0.847258935000779
0.282295711199639
-0.394874144575301
0.189230533320569
0.978481335497046
0.716719195914558
0.666029345660109
-0.592783946908252
0.711163010996348
-0.477543307727539
-0.987353989417731
0.117750351516629
-0.646717982595961
0.466113798048147
-0.392019925802815
0.742927611014639
0.186515332657396
0.0252010918005603
-0.436059635420364
-1.18373903098589
0.095706987824092
-0.513281575637973
-1.1555376578322
0.641768750089363
-0.0923121533802733
0.00218348322846464
-0.471638772585507
-1.36065888935854
-0.0700621550734175
-0.263164640139417
1.36960313465155
-1.6312902615216
0.00218348322846464
-0.678256566174621
-0.707473232941595
-0.490185802950009
0.125503267015788
-0.566350986000556
0.915206482110649
-0.886053296664495
-0.0473950998396459
-0.196377018841968
1.28583477988743
-0.637582478427815
0.470107006623462
-0.737647264916012
-1.19304986915566
0.0773055601305213
0.127261673393727
0.476058917945795
0.349923525645176
-0.42022986695183
-0.19721837745799
-0.0477291706652376
1.56258666082109
-0.663581520583893
1.01142281882941
0.320071023205267
0.683451324979141
1.27915541926094
-1.05679151531583
-0.385695790954303
-1.61391437349295
0.00218348322846464
0.248731931589182
1.44457494895589
-1.07152131686719
-0.761273001773869
-0.717333328874229
-0.898272826079708
0.353325052956162
-0.625722636041052
-0.224831370225435
0.957204564410371
-0.323508900374518
-0.349752526077944
0.929624646573387
-0.12264489398424
1.53914978216219
0.345995216793212
0.295941344412494
0.999394714241516
-0.604688145068592
-0.58389878046982
-1.18038757832419
-1.37026475932811
0.653325277956481
0.649112835772555
0.718855276737792
-0.61533113805136
-0.0969736890010379
-0.246140458632253
-0.346509273561206
-0.598418922792724
0.02728073521114
-0.223918861556619
-0.174028016111475
0.655124024959449
0.15225854891446
-0.122863425650625
0.102233516586821
0.00218348322846464
-0.524199484281455
0.127764310984487
-0.880212258555472
0.255092065176584
-0.200092186245519
0.179197058340493
-0.276121566737934
-1.01641457754919
0.589144464052112
-0.610375859439808
1.90410463959776
-0.148646107960019
0.529094751229649
-0.0979667504804975
-0.853167643655887
0.707120944251368
-0.425221315739014
-0.199582032886396
-0.250597237824128
0.179197058340493
-0.580613047872273
-0.379739323471077
0.25696069110834
-0.27810718313908
0.053203892498473
-0.663120915519836
0.820393110544567
-0.227262124123899
-0.637941606174567
-0.203524997642316
-0.358827739181515
-0.282385328648686
0.467420817600513
-0.256014439712752
-0.386367711474271
0.313145122764942
0.0280533579038529
0.543910591623161
0.00218348322846464
0.566576977301632
0.665112989083346
-0.584029486451114
0.639209462131425
0.811699667161244
0.805199090645444
0.326575533133296
1.19090476163312
-0.293674720746044
1.42412457801486
0.0508571274116039
0.87428203377294
-0.772638795053785
-0.729705609606172
0.0756139112005856
-0.267325438937719
-1.05837646369627
1.38117603235588
-0.0467401968080299
1.6282355704065
-0.287112764824353
-0.215339261151241
0.917411451749757
-0.237855038171934
0.290160644089595
0.00218348322846464
0.766092664778036
0.31086234639562
-0.235177178888949
-0.235741920468284
0.168790685875471
0.429331735917989
0.757082090581547
0.377506466627671
-0.420154075554828
0.681740872827926
-0.0211728172397489
-1.03093206861022
0.426112521319984
0.0961463748023712
-0.327073634548118
-0.659601016660309
-1.094632471733
-1.71470066722616
0.803839665161795
-1.38655853368323
-0.194280234188031
1.39363764326154
-0.605721124409756
0.0753274582071602
0.196972928797708
-1.7399781110398
-0.196032637170666
0.249892304464646
-0.146368165778214
0.0517252231567918
1.40390322466715
-0.36478940566778
1.29283819458098
0.533072761010075
-0.0700447611539239
0.458750418350536
-0.334032011202316
0.721266159879049
-0.404661639401164
-0.0937858139645124
-1.20526900346924
0.511090433975588
-0.239830187654503
0.364984703523226
-1.31010752397044
0.246503174758935
0.70735357860214
0.0748491034781214
1.13377133743816
0.336791826018075
-0.956826503974799
0.194722652215747
0.69704670798005
-0.452525927734596
1.05206189305043
-0.521377922166048
0.549478127134758
-0.688377660827403
0.169307790958713
-1.27018994198611
0.171163607927723
-0.263485070564865
-0.215707899430987
-0.0220560030131194
-0.216236698255638
-0.0707293891231513
0.147956103794119
-0.0706762649855734
0.0993180221916375
0.36559999465043
0.340184770736081
-0.360004525886963
-0.0220090897696516
-0.240064697254775
-0.0706055531043341
0.00218348322846464
-0.606461122411765
0.367814603539514
-0.192653402566959
-0.879310961174932
0.125078914697148
0.0758483116056936
-0.0714813451487643
0.541136282170881
-0.0955921295476096
-0.0222753648817224
-0.562027506934485
0.00218348322846464
-0.120893455384789
-0.0224500924596065
0.518218539159428
0.369156372124709
-0.0222395233650234
0.294866618992869
0.0265351209964366
-0.0708892273668586
0.026546986820782
-0.29057105618409
-0.536769315713951
-0.268386107491584
0.199033940495682
-0.564809284357374
-0.220561318680794
-0.395036502814809
0.325044809258597
-0.619631727638285
0.201585343914919
-0.372021768204548
-0.549196359802188
-0.957419839964017
-0.710832015230671
0.537421157087677
-0.124994455826003
-0.533737156350182
-0.331022002554008
-0.229149353517858
0.336159387749664
0.360606806009963
0.282903330712599
-0.508803831998587
-0.331363971614499
0.79573686040227
-0.406606048738271
0.46195440809141
0.56127007295916
0.128813866111473
0.103372462264813
0.556899983822097
-1.08492114264014
0.0784126827017635
-0.328563542619912
0.282117499853459
-0.32873192629274
-0.842783776825965
0.284633279427511
-0.100433252302738
-0.254819999275572
-0.487950349780368
-0.230826330933813
0.338579194425844
-0.308295420774466
-0.335260055660906
0.313710214923387
0.209330113488656
0.6467648048562
-0.720027548598771
-0.334910055216668
-0.127771050980089
-0.467056168175743
-0.338086443305323
-0.787502115631082
-0.474638612238657
-1.14618005120961
1.04427708205434
-0.157433470053751
-0.531720614713564
-0.427001724925639
0.0559324767288445
-0.455606463972406
-0.919731940106842
-0.161393434379779
1.08767582417201
0.567384826363112
0.296971315623469
1.72659283951752
-0.445952234454065
-0.0506706406235107
0.896926294448493
-0.786879001115019
-0.182830445587682
-0.42199530760784
-1.22744975915963
0.431599065256324
-0.669591177979249
0.325198568931636
-0.617848156726767
1.34520662435273
-0.882185137416873
0.51232017820931
-0.23913584557234
0.910794758280283
-0.344252572785967
-0.506314869249073
0.136249732026069
0.0557596966718161
0.135998570773051
0.668586056044114
-0.637477546440805
0.16248274277408
-0.077934026732011
0.959383027734469
0.0286420096428948
0.187197412044611
-0.288706580411883
0.372260564336531
0.39718070515989
0.133503265724507
0.734404327918311
0.832494428846705
-0.0236596491029843
0.723278547048086
-1.28915677541295
-0.675962047311055
0.367910118674138
0.366577431467415
0.494603812172341
-0.230766020328147
-0.2572873421588
0.546296757236605
-0.671918110135975
0.0281946681845853
-0.180037053981456
-0.41557169351422
-0.0763402742417411
-0.15504925356679
-0.840592113434617
-0.13014417932569
0.108059618052666
-0.448566318791136
-0.530724785672369
-0.238554897047642
-0.10499766315221
0.6968162522577
0.400749176248823
-0.876767441056429
0.0289321793890258
-0.722554623873798
0.163690920758282
-0.618350006680261
0.218458236359527
0.217991497926947
-0.402839346673815
-0.350168148422473
-0.215266996584366
0.869162633607975
0.271580197880457
-0.564390270339269
-0.431656676631346
-0.788981467505516
0.275706629688407
-0.107136013857038
-0.162020166145975
-0.189728844350316
-0.630991378192318
-0.246676039648057
0.112864180747581
-0.0254752086917424
-0.358077402467897
0.279422363325917
-0.136339880105222
0.251387544081268
0.140362308585869
0.167746434954582
0.250015084675167
0.167063982246859
1.06733079237524
-0.406147014708606
-1.59257123848513
-0.72104637295725
-0.529658218253663
-0.476084413939807
-0.875884755710347
0.597845434505358
-0.281022596743389
0.143886780285559
1.12863864983465
0.28182572362689
-0.698393853235272
0.339073189838942
0.393792375304188
-1.00792611542193
0.00218348322846464
-0.251946259638784
0.481665434140051
-0.194971910869017
0.171197607968994
-0.110460854224596
0.227345413424348
0.81417170489075
1.52428288426398
0.440660480623252
-0.987107355145537
0.167746434954582
0.46979539292313
0.139301288888323
-0.107495716140441
0.303512296356675
1.38751054089761
0.352257894874471
0.377821166676036
-0.212293810784951
-0.0783642456532212
0.85803251578029
0.480399059835997
0.794162279623386
0.840104070538157
-0.154392749177738
-0.1284842473718
1.01689233272739
-0.0237064845536798
0.595963464557277
1.38257350014425
-1.3267397286398
0.259120931877073
-0.744761393323971
-0.438288792599132
0.958386659770534
-0.513547417486008
-0.334473574347042
-1.4348105450668
0.159953697390232
-0.419091494733818
0.26568824702898
-0.472626166378979
0.792285038797465
1.27940663224283
-0.153337543452185
0.828847968707798
-0.746690255426423
0.286899606712339
-1.48202550941357
0.39490554838942
0.184927301217227
-1.09932253983929
0.711685868288854
-0.365078209744533
0.212212439406208
0.342542497491912
-0.338175531034983
-0.655627071931012
0.0549678602787724
0.160369648563115
-0.367307567913115
-0.714285018788289
-0.104397928406323
-0.693378443594276
0.270280158554244
-0.966347090217904
-0.214325397017083
-0.323461309293952
-0.679668333453757
0.629657919560463
0.679784666445523
-1.52207030625497
-1.43430530628193
0.224529322468166
-0.443003673853863
0.364048874623709
0.00218348322846464
1.05249717402431
0.523232241933621
-0.381483745420267
-0.991202169200615
-0.0255519211928494
0.527845227610509
0.908658581879603
-1.29135319901699
2.16694811020337
-0.350837928881335
-1.00944510311332
0.495605536950601
0.438746250257079
1.51531691914381
0.510409801177665
-0.667073465331129
-0.23984971277811
-0.294432616675381
0.379542421592401
-0.943897367194417
-0.0793271855964266
0.0565313106531369
-0.242614680635537
-0.955547192110732
-0.328304286592921
-0.218750050439257
-0.441153347093829
-0.164575866144338
-0.443872455683651
-0.305638223384123
1.08930220359238
-0.83301068122366
0.61534036522974
-0.220347902066313
-0.444370426569022
-0.812313366167009
-0.535072156581666
-0.0829108347697265
0.906144441000985
-1.04376244799254
-0.253898602938922
-0.197445843013981
0.769996156214022
0.0305080833328659
-0.765410903981971
-0.226388044857132
0.373347364007355
-0.426205005692863
-0.42804807097752
0.231870635599392
0.915692547821863
-0.796679538426441
-0.774240259042584
-0.142262591287227
-0.985622340855844
0.758440723396255
0.146964165822735
1.12433595762489
-0.859890821162227
-1.33426871524176
0.643585099046381
0.985418703369674
-1.2720880308158
1.01712622493863
0.491463492273421
0.574758766377044
-0.197845158977609
0.00218348322846464
-0.629095514209136
-0.633105976544694
0.838767044040508
-0.0265480210634365
0.174448814373092
-0.717554761233722
0.319506697718116
-0.113090304752376
-0.0843591444144291
-0.142220873994895
-1.65893587185795
-0.587267088791269
0.0317386777689961
-1.3065799923083
-0.839673563331104
0.694227767685836
-0.508865276704977
-0.450921052731549
-0.331402876154456
-1.46663117293722
0.033004873517158
-0.58505356207517
-1.33969965707766
3.03459405112933
0.488654494291404
-1.3106120460463
0.919901762562022
0.457903548854729
-1.34052817536272
0.492530772799889
1.36853235490863
-0.937075050418982
0.760337228468218
-1.03031885658638
0.00218348322846464
-1.16454759030951
-0.30712700154563
-0.681686138805663
0.0645470649191589
-1.09483425709247
0.128167751860505
0.379186757282609
1.18673598741889
0.927544805655619
-0.120704397059738
1.46696402121262
0.244241090070392
0.153172489718064
-0.90718925819047
-0.761995690247267
1.19176591142673
0.395586925998677
1.5902318377877
1.15484882403518
0.149004828058526
0.00218348322846464
0.587322660074859
-0.847389518926981
-0.262951448933517
0.00218348322846464
-0.738012346338327
0.358161313902424
-0.324081080253173
0.0615835443750619
-0.802709817317608
-0.417733150599523
0.51185330184
-1.62582956128899
-0.69935973260629
-0.2736787606795
-0.366820625516921
-0.0286284104061434
-1.05111002163918
0.746834767777168
0.833341107824289
-1.04559189588352
1.08061020357657
-0.92146840356027
-0.0596977068650288
0.0949909144838575
0.0331001630233547
-0.524704455038786
0.467228500538926
0.094933528523385
0.249097188920585
-0.895794373129903
-0.559265277959379
0.501404488830156
-0.340763072691378
-0.310610015467598
-0.65788491990673
0.536860020404291
0.00218348322846464
-0.627145214350437
-0.726474896749111
0.762402538866454
-0.377203630064441
0.853789323856665
-0.976205258692801
0.508353497814436
0.00218348322846464
-0.472275733565234
-0.6339509774733
0.352558105085939
0.0657562762150528
0.351113258346532
-0.187990900553307
-0.188353252726196
0.00218348322846464
0.224441075912259
0.00218348322846464
0.287219305664084
-0.378045111745377
0.160787798791936
-0.0295172620045119
-0.761664915650021
0.00218348322846464
-0.703173721437604
-0.158821220687337
-0.288279848308396
-0.386418042066587
-0.779579455876881
0.00218348322846464
-0.6869086610974
-0.261581918622692
1.24891879192987
-1.87379715390455
-0.297267747026967
-0.767179736412808
-1.18006301781968
-1.26300692709598
0.927005967950741
2.36078338381637
-1.10280013543003
0.539458113467491
-1.04142134266523
-1.66992508776856
1.74195105545336
-1.22273826324515
0.786501229331034
2.18604316135631
-0.93271481196893
-0.367502704904136
-0.402675369371556
-0.0992878598261841
2.11175443198803
2.32748884230722
-0.941066313987075
1.81570468764971
-0.383669085524478
-0.449867657903362
1.28837484746924
1.64987601958179
0.628751949121239
2.01183528766948
-2.25762479938277
0.968073528719989
-1.30869671154954
-0.438623275888754
0.72534337110632
-0.815688329645718
0.726026140138477
2.47985745464378
-0.120253018139453
0.916824005836077
0.788160927242361
-1.30106272406872
2.1748700347622
0.0618671615146134
-1.95600531054696
-1.84005467799729
-0.277102966734869
-1.31156703530176
0.473363874350193
1.6186314861359
-1.17649021202629
-0.404257595278649
-1.38585142001207
-1.50208556045604
-0.353171437637316
1.83003620049002
0.00218348322846464
1.07678295170221
1.49987138414158
1.3250761796647
0.154878580846148
-0.487263807721065
-1.04591489050728
1.17286844908544
0.00218348322846464
-0.0897423697287662
-0.58198420413567
0.310065499831809
-0.893298801454771
-0.277363212251451
1.33079873225552
-0.428453909440222
1.22768901693
-0.0282718238441541
-0.854352802663842
0.584203812069535
-0.181246711890219
-0.827441800606147
0.00218348322846464
0.156337976527384
-0.491949702554954
0.033138444008048
1.0489910718318
0.277455105283338
1.84820352509285
-1.35632797580219
-1.34422608525964
0.524538335106857
0.155299421885765
-0.150932455428835
0.399798321192431
-0.0283462071323053
0.671692983466317
-0.423349073785366
0.18477635197491
0.184443557983523
1.08882260893565
0.869024959585514
0.32902971090953
0.888190460541934
0.442260473354979
1.97326178962173
0.0308820054515564
-0.602221868001388
1.54904904474624
-1.51581788412152
-0.228963687009424
0.923583609743402
-0.428665955343925
0.404367306010474
-0.19870623851466
1.62638217405764
-0.593140741346358
1.245488563608
0.813263303683139
-1.99535093284547
0.710100923567088
0.00218348322846464
-1.16144536951999
0.144816512687137
0.740613421985277
0.735200579871905
1.34148921687229
-0.442261692813943
0.141284910581825
0.667190090230193
0.167746434954582
0.00218348322846464
-0.772799637158709
-0.30392500680592
0.834827760883835
0.470955884466392
-0.66025338578775
-0.136378268191043
0.00218348322846464
-0.414657470489503
-1.23067046201764
-1.64651787545631
0.573776922872567
-1.17312028504979
-1.42081134288466
-0.76117900227866
-0.0862729577449299
-0.619212213565871
0.712035620996195
1.78403287546784
0.780846393709985
-0.921344004231343
-0.579382564163592
0.902175042113425
1.66458920780181
5.50460798320333
-0.889593808977
1.37705350240049
-0.185408692915116
0.189775659372045
-0.292762433767528
1.94347566671292
-0.737973213238223
1.16284014227129
0.47314196753699
-1.28510606499616
-0.395220669407707
-0.396806273364107
0.215176109010958
0.00218348322846464
0.00218348322846464
-0.370851854762181
-0.1313813823603
1.11862251171679
0.55576338645363
-0.472125706372821
0.160536643792882
-0.156169677335953
-0.633748707600782
0.373635223670029
0.293073546868812
1.05288923561921
-0.811149086359912
0.658612254936604
0.81021603034009
-0.361926151808637
-0.284835630965822
0.627348322149131
-1.56811834662895
0.607050547631423
0.00218348322846464
0.499111405247528
-0.547196577417767
0.577649366378182
-0.547052891574155
0.368676040042322
0.211006320793901
-0.12827967943803
1.2218690328522
0.362637014590913
0.0792547779876103
0.718665565643125
0.180504763445285
1.14100383855869
-0.199327919973617
-0.149216999893035
0.355095369552046
-0.148911987471404
-0.325975337072452
-0.30169114918425
-0.506335283578988
0.510702250035918
0.583801003439884
-0.19973480849456
0.506216808369105
0.102686004250881
-0.450875434197843
0.228969519700502
0.303767024200126
0.0774374689698061
0.202584351899989
-0.0979667504804975
1.59267426719492
0.174618554899227
0.786693513172761
0.732113731389624
-1.70934973869833
1.20332551333767
-0.290642494680364
-1.27673212840366
1.47641165694879
-1.22482577595296
-0.0966307540609483
-0.0967284931839767
0.717088537169715
-0.465624830212023
0.100851473472981
0.00218348322846464
0.125381724756331
0.100632912789774
0.688628934277676
1.2646425909277
0.866949861945439
-0.0695954407769299
-0.117562669267383
0.932422749459812
-0.449929125081886
-0.380134784130263
-0.766866209549536
0.890864725146819
-0.429161542143478
-0.166065564993726
1.05507667490291
0.168671808044848
0.523635245506245
0.614959381344134
0.236870284210019
1.49127567975243
-0.0671245939366109
0.739004684579255
-0.204499332337819
1.59856858212986
0.611185027123725
1.05352970668628
0.35758145837342
-0.5982853509
0.713455652793101
0.0464704635803022
-2.71311852988076
1.33538592136823
0.338318253498956
-1.87209516091159
0.728963879681062
-0.952803310756005
-0.0892450945689942
0.844725186025571
0.905124155167887
-0.358015015174455
-0.268819392658052
0.34082247938025
0.204817797751707
-2.73396531788532
-1.55871017575059
0.727417683113381
-0.0211292572897574
-0.582408383891534
-0.185609999191553
-1.51299701883174
0.121387216499732
-0.595261238064308
0.289402445638028
2.50408410095885
-0.418279644974721
1.85752427280323
-0.389206448885164
-0.0901313167730937
-0.113329986933789
2.85072973351349
0.785448089658399
0.580091293002579
1.03846218678314
0.111796560080931
0.526660209957982
-0.82951314719805
1.7235463918559
-0.23573162845452
-0.562421708275366
-0.806829347305897
-1.4128301774036
0.933041268539588
0.683729487340153
-0.414986953810229
1.18329957606292
-0.71795056178983
0.0678649305815256
1.02560014569487
-1.50390195306403
0.703479366436951
-0.567244249002867
-0.217693474309414
-0.218177998626938
-1.26323466767488
-1.55137697575443
-0.498272520341884
0.00218348322846464
0.18445740017808
-0.774785690510231
-0.642237619148138
-0.832507196398628
0.18827332525286
2.36766293559734
0.138268784338931
1.48702516175917
0.603320771602285
-1.27114992797354
1.16446746602775
0.66663775509533
0.266733902070867
0.0462072567768164
-0.815410287805444
-0.889286650624492
0.471196068269815
-0.310247032017256
-1.16689458003987
1.63954203206138
-0.0200659328161527
-0.153701193700654
0.535636626469723
0.665022852183979
0.813680424684556
-0.0633687970605627
0.460149609130929
0.219527624426881
-0.891945251927699
0.722474712634254
0.0674079664626477
0.240976606576567
-0.89077682249206
0.808375887626741
0.909513103795952
0.19554480676793
-0.0407534002134817
0.68697109394937
0.449040275316178
-0.0402883798011382
-0.572959224781215
-0.104688387582689
-0.684514494189229
1.92162820884318
-0.230448534552756
0.1925590034445
1.07418534143041
0.211039031161904
-0.0395527444224368
-0.437101816845068
1.065690535552
0.105842661163943
0.167814991073597
0.250117494532738
-0.701898944961691
0.458331900114347
0.682528340231066
-0.306490493722892
-0.597301516268426
1.27949792401959
-0.0182894414003136
0.288423711380244
-0.0182350977510996
0.00218348322846464
-0.735675982457732
0.535627505698407
-0.346284636123477
1.14551974361324
0.164455324110343
-0.241323130601615
-0.119792543279111
-0.835325242169331
-1.17393654248461
0.457765136814533
0.0847939794590154
-1.39062564507363
1.5806170847539
0.577488131421585
-0.264510694744495
1.45015412654917
1.76823379842351
0.101596951998569
-2.12683848675085
-1.18222897407807
0.371263254255257
0.0226480284753767
-0.366820625516932
1.67228340110068
-0.280988227027549
0.285355193484478
0.686566186680034
0.0222416519849074
0.641929767514911
-0.457220101142912
0.162215523783578
-0.0577985239682925
0.640144179632359
0.398851992238998
0.140646565383902
-0.0769148005079805
0.0219639204406448
0.160286282960328
-0.671486589794249
0.141251748415024
0.081564316926493
-1.45652956370315
-1.19252547229775
-0.344720241870492
0.532256080135958
0.40802819612716
-1.13835841199348
-0.614214605667999
-0.0802907482505703
0.146468780855954
-0.410613800574592
0.291320405024216
0.105244401347911
0.700194939716921
1.26261895435894
0.345029437689911
0.564321080758808
-2.82005235110351
2.34278081876231
0.283421113355083
-0.359553245630366
-0.522646142931586
0.466596231103252
1.42234936604494
-0.136940061023975
0.774847059805635
0.278100095010666
-0.510840530687555
0.416753221199136
-1.64647835013844
-0.238442259504127
-0.218899915032437
-0.380842889696668
0.525955832941568
-0.239216754699649
0.2234892772027
-0.380380156615682
-0.219971510692777
0.325155100266946
0.424506886194305
0.602425381438339
0.856295339547471
0.574120748825143
0.0218472331689441
0.237847378628038
0.822660834543472
-0.134096105662311
1.33747182805784
-0.0939796167870248
-0.364081986467428
0.75254775431944
-0.613084752648056
0.694094757920945
-0.170346033353201
1.1467972769892
1.20883462454011
2.20781455039962
-0.181302806782572
-0.310517958001647
1.99039307004921
-1.72843626474908
-0.200152647606159
1.41001366459846
-0.161348850844593
-0.343932173346876
1.46946820777873
0.84380363591466
-0.534202569470714
-2.30093762908686
1.42297241059366
0.507326177427299
-0.865344097492019
-1.20309042062317
-1.40394514250866
2.86739325566434
-0.32425859121226
-0.197834766927644
-0.545363057230856
0.695237506617859
-0.143323999701609
-0.783567475865358
0.167154650695452
0.659359999551908
-1.15072525183775
0.479599006251926
0.313111945886642
0.129932382799366
-0.180364942784565
-0.620985688867274
0.460773665994981
-0.714138800968104
0.498644924004762
-0.586486355044672
-0.812937739842183
0.206587530983289
-0.276653020512078
0.132403946239908
0.373310277732904
0.979059743042084
-0.0161600919857656
-0.107948686493557
0.130659228164716
0.295223985970146
0.62205784729645
-0.307273394290468
-0.546263960987485
0.185333717575239
0.695111128140465
0.924682563927067
-0.503232755109843
-1.23599693827935
0.986694625749559
-0.543570099847883
-0.162125088652824
-0.0526460895606633
-0.144175855009191
0.604539963635594
0.47422502786076
0.309625627914708
0.560391469104611
-0.700585424100334
-0.124478978290836
0.0202879460279821
-0.68810081993496
-0.0707559802532713
0.96434031122908
1.20539455096012
-0.480952465944965
-0.0157553454141406
0.270928606008921
-0.266561639551991
0.98407122544177
0.622038474181382
-0.511137406739441
0.374161593481666
-0.65413816319259
-0.67639054914798
0.0380129354211463
-0.105343408852225
0.00218348322846464
0.645617338493039
0.215744696270622
-0.247015648936425
0.624020789474718
-0.246087614327154
-0.086634357231478
