-0.346601976445916
1.71834396697215
-0.50385904982101
1.67276894863383
1.33160789560702
-0.332710780723822
-2.09646927948768
0.224207669292297
-1.26326337542915
-0.0459473446534527
-0.182533030699928
-0.484670154603418
-0.266764424259281
0.503034022372805
0.00838411038723766
-0.541831127588888
0.228724910635302
0.338213396132413
1.31770166999534
1.54202226434051
-0.39222936922283
0.836880042002319
-0.390632211251308
0.062513502778138
0.329102105077782
0.513896227428633
-1.19054734490693
1.94872465829394
0.691547722010343
-0.909825856809111
-0.0962404172887739
1.81689194201916
-1.34965430564463
0.246167986881606
0.140822116530714
1.31336382589605
0.139380954747636
1.72945862048427
0.08668530776944
-0.704463741249795
-0.0410858388932852
-0.658907592904124
-0.0416816816980477
0.448392058750212
-0.531935793103256
-0.535177532996235
-1.06339209400807
-1.448843144305
-0.178096157480524
1.4708575401683
-0.28131733410729
-0.255776369546957
-0.0172990784102719
-0.256784641359565
0.726014814112352
0.141571823207975
-0.0699564884191214
0.167995393186015
0.326007053221344
0.666061854474664
0.0358076673944267
1.41370545880758
-0.559817555897813
-0.302426036093318
0.113963200876432
-0.591153633965114
-1.28312466771351
-0.336632241703828
-1.03601395460796
0.358562116481075
0.464532868556421
1.07318896148555
0.0622661938088679
-0.123048601119358
-0.708876625051747
-0.231500698135623
-0.635606161419145
0.814230602192444
-0.0712014385900191
0.276417327653088
0.43554171065645
-1.14130597762666
0.0627147037467239
0.277645753822586
0.517736310989324
-0.231643682187056
-0.582058636712613
-0.288079255419938
0.305786233108118
-0.504880321897095
-0.208458975975468
-0.0185549324766006
-0.127457674994103
1.09229859941607
-0.261048575433743
-0.0182610011301495
-0.915157249431154
0.253969739196424
-0.291614180368328
-0.649783938914595
0.475127429436494
-0.596323061969063
0.558289262965027
0.746387317571705
-0.592523862998918
-0.983344522562724
0.146488364913532
0.311974647667345
-0.572769591262357
-0.242047471077989
1.19764646278094
-0.681832729649868
0.257169130225809
-0.157856800383827
-0.0750263699974559
-0.241816053397082
0.811220026709546
-0.572937986673761
-0.604595467940295
-0.187906072441214
-0.216469971660927
0.00773749177150821
0.204110652423738
0.147852497043387
0.203639874621907
-1.25816256708695
-0.760103299362436
0.604961167373241
-0.219910613736064
-0.135035198760592
0.774027942140231
0.290081006824271
-0.388341137575721
-0.162745794517439
0.0358076673944267
0.630289248326487
-0.105415347179728
0.571397390266892
-0.104859116245016
-0.161458847188856
0.261223372874341
0.541142824736573
0.00780038531804564
0.427197599508066
1.03526073989399
0.22899111370298
-0.489418142644372
0.0912246818356547
0.753448064438721
0.939304573185684
-0.100562188731691
0.172177523520544
-0.20979212859259
-0.622089442409813
0.0358076673944267
-0.820432890437584
0.395769291013525
-0.908381518647506
-0.636087357480065
1.20867785637695
0.285357221550075
0.257107896022889
-0.657387954629386
0.0358076673944267
-0.802420207886013
0.28801461066541
0.482610979814168
0.0636667008661599
0.0358076673944267
0.230603888724367
-1.11057703878844
-0.161236731335458
-0.671108891648199
1.33269643915588
-0.582345467027024
-0.614555150915686
-0.561718651614274
-0.737724337447644
0.00704310513656084
0.437760548513454
-0.79860948871845
0.784227971425133
-0.741510194993701
-0.253628135242024
0.383030238469339
0.69796641324139
-0.568597683835415
0.582807735761969
-0.338132075115206
-1.09447534085109
0.0649494423347378
0.181389291592526
0.355343160769416
0.556491516591195
-0.224195367998271
-0.282894615980523
-0.313029895650985
1.65340504129964
-0.481286274228788
0.46690475693547
0.207727480512498
0.178848744565973
1.05970739750385
-0.4463943731715
-0.277449031885835
-0.938691302699469
-0.223745470387449
0.525510504004222
1.00807726524668
-0.965201692115614
-0.396282879567201
-0.892273240052866
-0.636611179600555
0.211657654093166
-0.404398472669344
-0.140818813613675
0.62335342341585
-0.1987965457808
0.0945103400516893
0.679272888472359
0.26877224567533
1.22130658830917
-0.13680457339238
0.753067950841767
1.20109014408602
-0.673113492447664
-0.363394459559319
-1.22930408796145
-1.15762812451116
0.474084482903946
0.501195360183359
1.21857062617205
-0.886123379993665
-0.10901495024206
-0.0511866834595816
-0.109351307143635
-0.722434518908
0.152835182213461
-0.19838447711369
-0.140197071499171
0.533685398149596
-0.0518731799590285
-0.0226889707170338
0.181985152859342
0.298389875161175
-0.519343502720161
0.269931274484191
-0.579939769940763
0.124004057059723
-0.287960091516782
0.00632218877892812
-0.289107697462988
-0.468420006285065
0.746921775144637
-0.437706090976665
1.68338833144923
-0.16866151440137
0.1818997313619
0.0650004861683976
-0.520318454915448
0.182456762454741
0.00649504810203908
-0.55225636190629
-0.0527009679749398
0.359957059811532
-0.406475229605786
-0.556962295933095
0.302989064275593
-0.380116877541337
0.184550815449024
-0.172494743885943
0.481639881565531
-0.231453070753219
-0.470975351955594
-0.383480158609185
-0.204577063745016
-0.446702315781267
0.428024190710906
-0.17519467162942
-0.23613690267772
0.126538053173941
-1.64080529962861
-0.735682040956776
-0.710464452764532
0.564991781689327
0.562206158032585
-1.55177431462998
0.16123885348514
-0.498364851794487
0.538637136648017
0.878640813408037
1.51685911454494
-0.393904473268187
1.31944387464032
-0.237873513010124
-1.1280645823838
0.343405572183863
-1.04495011172877
0.623953612912053
-0.58338935739768
-0.30639207546529
0.780921328952049
-0.0570284834786668
0.560743256008799
-0.737113169198195
-0.181685039125574
0.253300373914427
-0.275041199632309
-0.651480261381782
0.0358076673944267
0.847551119391104
1.33332355370777
-0.302394038520027
-0.180008664252652
-0.211411247144484
0.837044619494869
0.00510927881873161
-0.240902732072063
-1.20336556212192
-0.245135236294298
-1.31747813098088
-0.154487347214189
0.226102682003042
0.320572928645595
-0.0590240134914995
0.0674282210175729
-0.534897749716363
-0.82640428428748
1.43710448256398
-1.17324301358964
-1.57765101870913
-0.0292753157034039
0.0683544536866136
-0.127032296939356
0.263709442741571
-1.10893091664066
0.167300125525332
-0.161495915191407
0.298792697333321
-0.260099173541407
1.11654522094383
0.00322907124376473
0.620604655636746
0.294623729048143
-0.840394595760541
0.717960710537912
-0.126188156141727
0.327211467579374
-0.385382004350516
0.295211185099092
-1.82729574129194
0.660706921759829
0.134119980736485
0.0358076673944267
-1.28303769306323
-0.396589480611021
0.733369041036946
0.333279379068706
-0.39415826704094
0.267557481430685
-1.12834983415416
0.802350330979067
0.234812708195419
-0.462449467051957
1.4575542145721
-0.689071948173915
-0.162802129768525
-0.562399500360312
-0.93556155136948
-0.809220176608778
0.0358076673944267
-0.679576068267458
-0.272358986346378
0.104371262812652
-0.0670553624193944
-0.204618345723857
1.13020983532616
0.81507639147823
-0.133082762887583
0.676079441897542
1.33734447860146
0.465915857333481
-0.726416404037329
0.434214568881868
1.31977592369846
0.947569112259793
-0.288867942492561
0.522426632511707
0.13284794672228
1.12906614467159
-0.831389031065927
-0.0610133826090605
-0.222841038067684
0.22985688740591
1.25611825074395
0.131516719205104
-0.0279881880388141
-0.315798895894315
0.13182303722875
0.418949898550024
1.05040102522927
-0.406810823161714
0.099158952376676
0.225621074590142
-1.04459686794014
0.00385368086275242
0.227378607208311
0.0677005077221785
-0.283579381493233
-0.12426920366982
-0.0282948989031869
-0.349673054081157
0.100157733965061
-0.0607329676177223
1.06080062582898
0.00393515716445228
1.27136908502925
0.975958747641614
0.0981712490851209
-0.182635234259782
-0.622398752169624
-0.563468688466057
-1.33385859239517
0.834406385378999
0.353469942143757
-0.472937468043844
1.52294154475398
-1.22843167412322
-1.69667069833618
-1.49691433208757
-0.0628278822759461
0.429767467802449
0.134055587529241
0.297331190102378
0.101081821148074
0.00317591641144569
0.589104441013021
0.553775805047917
-1.16609083528321
-0.291524867102495
0.0685891789156726
0.232271384810905
0.0358076673944267
0.0358076673944267
0.947569112259793
0.359432545315263
-0.190619730008541
-0.418591037218147
-0.420665247817038
-0.0295731783474647
-0.71916063214646
-0.0960749761851184
0.46379185977175
-0.0627954630267554
0.527853928299076
-0.357635463089041
0.101489114747488
0.101446002537413
0.26520314731031
0.0358076673944267
-0.160784794349673
-0.556299325650728
-0.659444264093762
0.532908939596476
-0.328491460455688
-1.50216982252254
0.170487822432302
0.77332358158682
-0.668066530753182
0.0358076673944267
-0.334875149640924
0.608103455948244
0.604846859777208
0.235874423024134
1.42517834621135
-0.0627954630267554
0.20009224516867
0.755470570598404
-0.881029141293516
-0.29368192229084
-1.15942568498967
-0.0978821920897273
0.502942317323745
-0.364459711571325
0.302830522982316
-0.298082459157029
0.436342248261928
-0.431638926675499
-0.0981508255112181
0.0358076673944267
0.570568300053952
-0.231215188193463
-0.332516874235218
0.337264938060505
0.303008895175515
-0.164526289423096
1.19880466012951
-0.593854727804395
-0.0972595511760828
-0.0641090769714033
0.169007820288513
0.0690800017556052
-0.16399259887287
0.135757700702781
-0.498417309327621
0.136192484256663
-1.27712147678485
0.374102983259605
0.9435294825061
0.403270917024544
0.899026838987698
-0.594272347807785
-0.197331488996633
-0.164459422236597
0.602192656416672
-0.0639098080447938
-0.230592756557575
-0.0642757437954729
0.202557747720122
0.00247988838239435
0.069135446406459
-0.164325821687306
0.00241311039682538
-0.131332602169166
0.136125348437432
-0.164928432128781
-0.400507842709386
0.203846691980097
0.00222244457662649
0.0358076673944267
-0.199605254508673
-0.0652534831979253
0.237827938122009
0.270983317529676
-0.367689853823484
0.204129538477087
-0.334875149640924
0.00204099477913369
-0.948418842110483
0.206194486602217
0.375712821301898
-0.5085965352858
-0.169110437099141
-0.375292603257799
0.617702172562278
-0.134986567121199
-0.478332282647426
0.3103445591137
-0.720989890317975
0.242775661247051
-0.79464693228758
-0.0337091932431651
-0.0337575528022723
-0.732620843083948
-0.738571422295892
0.458939469370694
-0.175534433108366
-0.0347390727448001
0.247298757857017
-0.0698819672456004
0.457897636300119
0.491070229243217
0.105664463808418
0.210236457477297
0.105494081364337
1.21310658388918
-0.0675159167934044
-2.12380256149373
-0.281596936940782
-0.353504450579612
-0.319432493042349
-0.893766419953702
0.465915857333492
3.58909442935997e-05
0.285941798169708
0.817894839012461
0.7766824621243
-0.988755260855418
0.284078764950062
0.424706867108076
-1.06407924118933
0.0358076673944267
0.0358076673944267
0.391933399901289
-0.248991385911585
0.285051164770294
-0.035341392881972
-0.0710109291964696
0.391426818843443
1.41076322570466
0.350438236330929
-1.08740526443791
-0.353229074381307
0.706832611537294
-0.281485036663338
0.106404211095972
0.247298757857017
1.29544643596298
-0.0337575528022723
0.694731501110906
0.242990061946473
-0.17137472715762
0.346420514194245
0.791046409948015
0.649515696565805
0.949365027632115
0.237691988991467
-0.0650835468136109
0.0358076673944267
-0.166280646582807
0.00208654078925821
0.103171145114916
-1.01444798006802
-0.100525005391978
-0.203222666664105
-0.375292603257799
1.06040679479825
-0.748777629720111
-0.204206162894861
-0.653137530935522
-0.414565517219918
-0.13795432245965
-0.34753484769704
-0.243912794711693
0.524806196813615
0.661026793299423
0.0704277127462619
0.484780965184233
-0.240244957875974
-0.37970539580175
-1.15094273536568
0.630943329091792
0.140464924461519
-1.2626839933667
1.05496953759429
-0.20924759264539
0.629903421411104
-0.173470399918641
-0.0340491290195651
-0.454561091058565
-0.210281400373408
0.246778209779385
-0.210367944884161
-0.034639676131943
-0.246479040876042
-0.46011966854061
0.319495800914398
-0.710597077440012
0.00012524061083133
-0.107049499758156
-0.0356975197781391
0.357179127704021
1.17016935259989
-1.16988069701189
-1.29299622661405
0.108088118680082
-0.181190609437838
0.216672249163268
-0.217494440178601
0.685864127703777
0.143740759362009
0.323061006746838
-0.287410426886209
-0.144210383020355
0.215825717809209
-0.0721642703938826
-1.12320566892242
0.797923495501673
0.0358076673944267
0.108088118680082
0.0719283107346084
0.180159911876043
1.21882917205724
-0.0354935833981337
-0.608201714078533
0.179279714960456
0.107466574079595
-0.0716999580829721
-0.539526533776669
-0.180798915490794
0.252414250279647
-0.0363424078855431
-0.506983605548501
-0.109435640637063
0.0358076673944267
-0.766823420028451
0.0358076673944267
-0.257662829364975
-0.849806976976598
0.627088030105754
-0.70384067505609
0.517200931793615
0.294062745445755
-0.555472695316901
-1.11984359117427
-1.51343926453285
0.264031425641064
-0.0782391041382343
-0.881279386846968
0.342438800708949
0.0740705337498974
0.949751576703694
0.451923266875408
-0.60801201529176
0.0737943725045812
0.717112346666037
-0.152978494018025
-0.191207186059478
0.376136980565205
0.862880051183539
-1.39709769397072
-0.154270321786394
-0.460092643153354
-0.616410259453432
1.14586691289393
-0.0784562947615815
1.32329183283199
-0.871303274118474
-0.764654010866956
0.608219075783294
0.604961167373218
-1.18232692312159
1.02666943281021
0.452080737755644
0.224451375478506
-0.152836040689653
-0.0775496090554836
-0.418910812214613
-0.535513635251995
0.455095493398033
-0.192676818906318
-0.3461637672317
0.0358076673944267
0.341501447673808
0.112085321741173
-0.154995672308434
-0.040615721881155
-1.58272477470732
-0.314455387725774
0.113749994021483
-0.982212087703214
0.0751545103179505
0.545912756234983
-0.317064684650884
-0.2395120738729
-0.517116332127405
-2.08554464579345
0.43952238609155
-0.327462156919218
-1.59488480639493
2.79236647680407
-0.445155183608279
-0.730479607162472
0.439848621094915
0.478375277709688
-0.810800896621323
0.31880765412808
0.759865537020384
-0.607539947648426
0.879355549504584
-0.928830037786114
0.0358076673944267
-0.856693185968563
-0.0457251540810562
-0.331914912441723
0.199406885887545
-1.48779602840267
-0.463361422329687
-0.633650899826988
-0.300609807168781
0.623797601682354
0.578719838270474
1.31867235387487
0.854813064398865
-0.0457916843384983
-0.332215647186846
-1.2422967234315
0.944529327530113
0.405190398084667
1.66119899727852
1.51613075864357
0.748117762676844
0.0358076673944267
0.938659727661658
-0.78821112115117
-0.636264441246885
0.0358076673944267
0.115109812708227
0.115046974234664
-0.639736328270458
0.234971246472509
-0.64297313803296
-0.687959062628616
-0.0449351710656861
-2.16926330175048
-0.626995090446911
-0.25555570209854
0.0358076673944267
-0.2564071095228
0.202892083876188
0.410729997846581
0.657571328481487
-0.960878324144788
0.908449814208728
-0.420340749491442
-0.130581722075108
-0.130859037852502
-0.214714384299303
-0.46712717310577
0.371378452091658
-0.594314140278474
0.0779395407794002
-1.57781545475515
0.12138747578404
0.292108533883369
-0.348890391996124
-0.0927545958670458
-0.523213354090705
0.509028597815893
0.0358076673944267
-0.610050336546759
-1.09365698938234
0.602134600320549
-0.0511110690642726
0.252963018745225
-1.14247347496772
-0.934645471523377
0.0358076673944267
-0.854670166901528
0.0358076673944267
0.259171619988143
-0.0534780528227995
0.792207269313892
-0.319432493042337
-0.0977334163282808
0.0358076673944267
-0.904006813193737
-0.460023864547911
0.980271625204058
-0.00896511150438253
1.37034704673237
-0.407062852734858
-0.587524715954544
0.0358076673944267
-0.277321642360886
-0.278305222691675
-0.0541203962199845
0.0807818080220824
-1.32229378613533
0.0358076673944267
-0.787995618539795
0.219462448124572
1.58340341593917
-1.42008702016218
0.0358076673944267
-0.561757889219743
-0.983663627414919
-1.60780763786845
0.319495800914384
2.73741584884259
-1.5390280294195
0.594468338258406
-0.569549245270677
-1.61245192218178
1.91733071706673
-0.853503131646238
0.785225694728409
2.25094207958338
-0.835158186769604
-0.148524182034496
-0.148864591922043
0.128186426850794
3.30585379848789
3.80653057738755
-1.52536887981691
3.26120013611637
-0.643600466194006
0.0784061770907777
1.22125762084927
3.67257208448191
-0.370862270860928
1.65265776430693
-2.481580647998
1.26181403322856
-1.85026710157491
-0.462118672566309
0.781770513188373
-0.33647818140617
0.737854738350681
0.937083739545205
1.97447904741344
1.58376475223306
1.24936728585312
-0.941717223069805
1.47917190959089
0.1519292209886
-1.87793947114686
-1.83489365155803
-1.42111814351584
-1.81563305913941
0.862859186018224
2.59744397567359
-0.972875486394651
-0.329823452916637
-0.945795306371223
-1.20490303731094
-1.55818581364912
3.07580857891277
0.0358076673944267
-0.0873197850582465
2.02814842106235
1.71249365310112
0.627875708367197
-0.398032492465395
-0.399922869501133
0.86601603339163
0.0358076673944267
0.311019164081904
-1.46738519390905
1.06674463328056
-1.0349937598528
0.0756721287555182
1.5782546999576
0.114269813436204
1.70802240601369
-1.16692264080406
-1.41890640732751
0.588731666916258
0.0751854981848064
0.0358076673944267
-0.437752807188997
0.0753568077161335
0.0753411725544987
0.114827821644525
1.17463796094027
0.152880851497974
2.76727196088462
-1.76397286807272
-1.24750763090421
0.698965939364945
0.462578441227478
-0.352090414015217
0.73294449543102
-0.0414124136628176
1.035047342143
