0.18040321410307356	0.6757075363238365
-0.04618349605132223	0.7231697313886887
0.005532556459032092	0.6920679653670369
0.2497603904951579	0.6358458494432729
0.13803424458138155	0.673019200151574
0.22424844784339973	0.7870402423209225
0.2212455925940509	0.6950880645439278
-0.22947736543515107	0.7931068092055504
0.15561750800212248	0.6817811039322534
0.21652030241898496	0.6983305238407737
-0.17551507465742616	0.791678288077417
0.21790456518397688	0.6904722193719651
0.009803789215602893	0.7338195174340505
0.27607797934292827	0.7480646394457029
0.24117971427888668	0.7159811128252473
-0.2688513689968132	0.8883094953835075
-0.004925936974773861	0.7027866400088744
-0.2923140488903357	0.8136680320451678
0.21931987752274726	0.6395213140838631
0.26554197381807304	0.6500161811452086
0.1302963057723376	0.8117218538831384
-0.021516681348140748	0.7815772699094464
0.13196320023930133	0.7081270749357201
-0.019758469928459563	0.7669678637375433
0.4105187013656174	0.6339348276381045
0.20183405517220102	0.7638333872288638
-0.08289860560501122	0.7890440960706253
-0.18693042713847166	0.7955531520782988
0.06993113136106854	0.7509615886568985
0.005728716793816001	0.6795469010340754
-0.08230751381770282	0.8109755171149139
-0.05895304354021149	0.8184038153537754
0.2634496836776106	0.6662104609979147
0.044710088430900206	0.7941328157064274
0.16323660752610158	0.6947656980131985
0.278403408821071	0.6338601381280832
0.0997483090123418	0.7598594596287434
-0.17762182413617333	0.8133018340070902
0.09678270974172741	0.7151563470085931
0.03014110990361664	0.7443283703487189
0.38396380886574816	0.6769697865270035
0.017077083376988204	0.751611809538429
0.3131231617293375	0.6325755559499733
0.21845801145236446	0.7744143281210897
0.1407317404372344	0.8054847756353575
0.1410337900680405	0.7322170686576547
0.2799508687730424	0.6375673985392198
-0.3188876134138553	0.8605268778429791
0.0844475594916985	0.7924080910668019
0.45505615976039765	0.6406850226946051
0.22562555809719267	0.6927519063057506
0.7968008894327822	0.568326365485584
0.160880380249167	0.7486080504990634
0.14894311421095408	0.7400753918873838
0.018268161123592266	0.7712628290190584
0.25053832260004744	0.7217560209766101
0.4157035506344377	0.6274925350043054
-0.2084150887173052	0.7860518209308913
0.203538811875366	0.6864340602549266
0.5661783901234365	0.5797478509437088
0.047582292316410445	0.7877412297969728
0.48321241269980286	0.6737236798302595
0.12678892818848772	0.8113670988860204
0.1973784565194423	0.6873335756193517
0.26905411233786863	0.8146361609285405
-0.15063412602814447	0.8279891534130062
0.267164187023699	0.7314412651510099
0.919852098075782	0.5972571917487932
1.0408784046083102	0.6149152483255987
0.38984339147787933	0.6892152660167437
0.038273590077621863	0.7580075311168674
0.26476879483112936	0.7375948340687234
0.26055692155634563	0.6852201894740974
0.701398246979117	0.6184344972445392
0.2573414916811744	0.720743678855381
0.20872429912452312	0.7967704610246165
0.08328416919774868	0.7110218127696587
0.08383446869712655	0.7832379467445775
0.7363355552409016	0.5939521382930599
-0.040797315083657144	0.7728473226307216
0.08229286029773697	0.7991279682679068
0.461536128629859	0.6411246661183039
0.03406478717735044	0.7435714011529104
0.15080734652287306	0.6933317504881126
-0.16252579131381736	0.8499113022896971
0.4869148292935929	0.6486263182618205
0.4379705497913585	0.7097602228890866
-0.13301079956481662	0.7913963445248297
0.19088235468931408	0.7940960513370201
0.3187804248382689	0.7095877486967755
0.33928796176967346	0.663265646794756
0.5452814495184011	0.6678017173857625
0.32793558363461806	0.7056416809441413
0.21209600480750304	0.7883926174343974
-0.17146295145913984	0.8706235670820701
-0.03678956905497592	0.7789538692652069
0.1561818291376501	0.7227972988076967
0.25693036152743254	0.7763576827815297
0.19057136102488711	0.7379003907375156
-0.031767347580807015	0.8047720228605051
0.5061837156071423	0.6257186648633738
0.2150417302232157	0.7259514939059257
0.37940322076381205	0.702651014883125
0.40123240353274503	0.7175775314769368
0.37390362351470496	0.6762479502155756
0.22636713094566585	0.7543941352012858
0.3472332600883366	0.6459861017681926
0.25403020413548577	0.7610100175981073
0.22267737738217253	0.7888805703386379
0.08043942007651682	0.8043916494956155
0.2872135586617284	0.7747426853478718
0.059132793545326905	0.8153435777978959
0.0674012082679681	0.8062696313768868
0.23955336736458588	0.796653603210825
0.010575635204298793	0.7983884861110294
0.3731576954842564	0.7668108835335897
0.2842383137779591	0.7980377934341836
-0.03841286093481355	0.8671606305139099
0.2136246017954664	0.7077376081062963
-0.15767000038625056	0.8250900589236556
0.010145163896471677	0.8705183877198427
-0.37104390261378767	0.9786738683299859
-0.09479666525498186	0.9039108578871601
0.1616196515426099	0.7301291368840602
0.21647658309753948	0.7981422025128477
0.19906057801389485	0.8460872427628019
0.20369042353775235	0.7457294980454403
0.050282087209755584	0.8552386491145552
0.19486497307265183	0.8205041670766956
0.47495048236000076	0.6675920204770165
-0.03255685770721167	0.8259464965270908
-0.09516948137646608	0.8466668032653313
-0.2818897432322756	0.9220968076325823
0.22876145410075202	0.833415403881874
0.04994320817720936	0.8218021804086423
0.28964195003485504	0.7463235843991931
0.346904546118713	0.6623396190164257
0.2576765975842077	0.7518514084774309
-0.21704198205424782	0.8682709236492712
0.2805074529803248	0.7909519837626098
-0.3576952013906444	0.9019454502142826
0.11432140677856954	0.8643397554076785
-0.024099341648090484	0.8536535962497357
-0.053297561986549565	0.8858286685330153
0.46689351873870855	0.7018377105520496
0.4501893864971606	0.6983489003066046
0.4401561947428602	0.6721174011845341
0.2779557321251806	0.9331313436841666
0.01941970460667779	0.8638622781598015
0.44827029845544264	0.7030680607280031
0.10210798282377838	0.9252987013266141
-0.07899390813283648	0.8364904902951278
0.3124556365136301	0.769487614515415
-0.08355395940186426	0.8669737405900254
-0.16065268605410365	0.9033806314229564
0.22673785659572057	0.8206235493069913
0.1016962747407824	0.7902410962458295
0.18555046992931498	0.8408334616180604
0.17836403568034737	0.8548226704944191
0.4327275523111416	0.6633092396080977
0.10807913735796569	0.8678350421055671
0.12791420383660276	0.7923148090968427
0.39507006416148127	0.7120212641645095
0.0431382903160993	0.8896592948867595
0.2327888046772045	0.7883143681969895
0.269192710742652	0.7612755584364459
0.16301041026552943	0.8401873000277773
0.26141676548304676	0.8215060909559192
-0.09311714913322741	0.9338005315380593
0.2702325034214565	0.7991481783738429
0.32742875358668455	0.7574216343125924
0.14921551420473803	0.7353018376683904
0.21735636506078795	0.7894686867529755
0.18564860877114794	1.014683388309547
0.17257369856343557	0.83498177973501
0.19071495060080684	0.8352354500242247
-0.1315095126672432	0.9262276427129199
0.15953565178881673	0.7675747778508581
0.08245100911660824	0.814876775635916
-0.107882042687673	0.8802641186289323
-0.006955187427225955	0.8895886715935003
0.4663637959873745	0.7040316032279735
0.18585970493566473	0.8020297619682675
0.45446528603402	0.7083249334801697
-0.0722419651493488	0.924279113713646
0.31485938329899926	0.7888462724158428
-0.07418218874599021	0.9412487786225598
0.17769195284760567	0.8305982755442485
0.31728431565141096	0.7491727051011838
-0.2977366876804232	0.959008605251005
0.22413405728337552	0.7089768693335096
0.25341216976114883	0.857007008092097
0.41036588532477997	0.7330752293301007
-0.12346561964926134	0.9188674955857898
-0.02621633821121778	0.8602698859510345
-0.11959517158950954	0.9384875337921023
-0.3413748384200331	1.0467391500965517
-0.24835986492323822	1.0073305267143053
0.48388258658087147	0.6929776664396433
-0.059889273486836266	0.8556634750146114
0.33259482335923995	0.7549977687067552
0.41425041694975745	0.787301704688891
0.3718231434954121	0.7608839618512864
0.28560291104823465	0.7897705672406582
0.08707142643469393	1.0205362821480215
0.061489316615216165	0.9151430590690043
-0.11992662394435848	0.9452027481178559
0.41035872791596756	0.7728026677129349
0.3803539360652612	0.7237877105040714
0.27180358863051346	0.8553483206876928
0.5272778266484215	0.7316134814226759
0.17648039315138087	0.827734894664737
0.07435457237468507	0.8378505904364895
0.2916452439274004	0.8479827878642744
0.3711795404395285	0.742998889530412
0.13303946561539726	0.8247236490851538
1.2595453271380086	0.6757110912658312
0.3130401740312748	0.786719757101671
-0.0025461487718224443	0.8924207121458535
0.2703388625127629	0.8896063994005382
0.4785945840699089	0.7287132078520135
0.45337746458888956	0.7811849491425928
0.4470356312649935	0.7618273906312595
0.4330608260048426	0.7853982500497955
0.12599391869794427	0.9858849660971865
0.20184822210676057	0.8706859747492541
-0.1449935655313686	0.9822937723280568
0.42092463814528547	0.7667928605965101
0.05567562322370907	0.9781571565824997
0.3797952649139863	0.7971280212580485
0.27061207199693293	0.8138631731279574
0.30189458633313593	0.8296398347108161
0.1840069118091175	0.845911758959307
0.3702906791465542	0.7873573776566473
0.30647732233459296	0.8042220805232475
0.7291383179753093	0.6478090616467922
0.4387541921735455	0.8035105184773783
0.34758504586793865	0.8250420415884386
0.5135969494814091	0.7323859236911445
0.15600658694904704	0.8952110793846639
0.22469058749319093	0.8780595787668941
0.5046409710128814	0.7906350425527874
0.39006295568879557	0.7906052298508038
0.5416549379132185	0.7457999159318588
0.29223646561347266	0.8129717197239367
0.3123640701425233	0.8843662131923973
0.16107264218298356	0.9554812793578713
0.18505459758911064	0.9172717171474731
0.0787167641545805	0.9402243282674051
0.2784582673042287	0.8287729823477535
0.45948777953164793	0.8002097478248074
0.27722660869641436	0.8071414780521831
0.2619846417379369	0.9350667831704788
0.17158605010151692	0.888961140216969
0.4526489708682575	0.818175026241033
0.5429790976748797	0.7203073290730473
0.2832709821232994	0.8993218231391631
0.3704891040651382	0.8091031032979601
-0.1243976108382675	0.958655811293988
-0.11132608528592745	0.973045044594506
0.22458263796971287	0.9133835484424431
0.3640929669317159	0.8182228481894955
-0.21381546841001264	1.0008702160570144
0.32719297469118386	0.9371738724827546
0.5660548088182068	0.7588483743502811
0.09415090008273143	0.9741629862106117
0.4641710564489049	0.8034922767957976
0.5542209932762072	0.7241277833552655
0.28947323893775506	0.8169037957806198
0.26725161834287725	0.8859914209491085
0.571877009039765	0.8121785505399733
0.5386893489935347	0.8260765581530128
0.2723034063882124	0.8827925479141744
0.14434873403597814	0.9452429188744031
0.2140624226310291	0.903605249037308
0.27268803165706407	0.912586436139651
0.48632005222944324	0.8058116056867598
0.07990740361866495	0.916347091797786
0.047447773899942376	0.9317638208497533
0.5213829700902062	0.7681517395311938
0.3659435027287841	0.8819562326304013
0.5584637808780682	0.7846521552270265
0.5514135992277347	0.7986354692551748
-0.32178001837757225	1.04948488779228
0.47157587476319973	0.826871058792529
0.5073516137590224	0.7982571423435266
0.3036285129306112	0.887267373861163
0.6787754378509389	0.8318672309004503
0.3261545621936171	0.8827028534607396
0.3083993283939054	0.8599379322702976
0.12094082033698278	0.9536022683691693
0.6001625018076686	0.7706552057023514
0.6062514675863815	0.7743279474449719
0.2805993880699744	0.8984312012949527
0.028345605543810444	0.9698059515016175
0.36046762217055744	0.8864935832394105
0.5121556050051582	0.7712254775415605
0.32939235569134273	0.9319483396290031
0.2623479946327807	0.9158972532092394
0.16367162663062848	0.9169215792288712
0.2187411735064971	0.904904106337274
0.4214700232869578	0.7843789553871245
0.3681432616708289	0.8465919359325601
0.6225339817173727	0.7343306600495411
0.4362667593525154	0.8271005080744068
0.1312791123389177	0.9602716212061311
0.2952132921137608	0.8722839520214736
0.3278699606622489	0.8642269069499825
0.09438076888694542	0.9988886560917234
0.8601878163457661	0.7323770987348152
0.2536651495726133	0.8738275698833674
0.44270509579014666	0.8453104174839848
0.40326392708431497	0.8678470909790252
0.3595508510471386	0.8336793497606
0.3428245600962542	0.8677363310825216
0.3446762184644065	0.9066940735073017
0.6043969566514114	0.7642329520068929
0.5099120164769536	0.8093600825733331
0.37838408028815634	0.8764417209366284
-0.13969797332233724	1.0244770320023144
0.31924210041513	0.9028281808312161
0.14624646377063993	0.9634801848387013
0.3672571204212068	0.8972322502572087
0.34366826564745134	0.8806384417432709
-0.14971099933475868	1.0224491915725284
0.14139448588623674	0.9903914667221559
0.4299357941544948	0.8019071310056133
-0.07462734407361801	1.0256333257812034
0.3282839479492727	0.9232746877604524
0.32347608003663975	0.8767101988010843
0.2252643226485917	0.9527030769451225
0.1232684115720609	1.040531893579321
0.31745112994903013	0.9933562837428661
0.23296516838736248	0.9102338365889852
0.3255605604844173	0.901458649516398
0.4435049431250931	0.9182863199580119
0.4233508195028971	0.924586344411549
0.5511281248779192	0.8089428671436479
-0.005438700440543184	1.0016643959329785
0.1893635516783162	0.9798261921239151
0.32354456790041225	0.9184563184031728
0.48347947067474684	0.8705092272954518
-0.20103875249877134	1.0462644303505377
0.4423985344750082	0.8903954625671756
0.2550747488446924	0.9088775005714157
0.35197600742308177	0.8796369804695903
0.476632765407999	0.8427337002000519
0.40483436810014695	0.8748779244773451
0.5215741565686655	0.8425394680962623
0.6371362806207967	0.7635254836340835
-0.18907692267460294	1.042421965077272
0.5226678192099534	0.9129635035271796
0.2117965811266571	0.9530717351164806
0.2588662983731644	1.090458448750194
0.3209190824550545	0.929490706018692
0.33783121495476565	1.0222058242561807
0.2953962272224217	0.9372546974087411
0.4600850273994281	0.8318776432396588
0.6158376722572934	0.8037176194298334
0.1513799482807388	0.9541731717304098
0.10564506251541832	0.992474563484097
0.455437923657814	0.937517202250769
0.21566797340303004	1.0247539624930964
0.3246320755859393	0.9149139465095515
0.2575349458112358	0.9352114848317771
0.8715511078014704	0.7546183206386704
0.31722614426095963	0.936628306089917
0.20980084822752337	1.0363502473053283
0.3860851499319883	0.9902865494003731
0.0627555891149282	1.036923794372191
0.43441011634867455	0.8892173803705674
0.3661236361423001	0.9186839237409388
0.27863817693322407	0.9309452405938522
0.5758226513674313	0.8275895470451562
0.40778664555222965	0.9265336063316967
0.3241147385525129	0.9315913168566317
0.2622377901059183	1.1433803474621191
0.3911695675098037	0.8717165829386464
-0.2513911626928893	1.0598959815982123
0.16705410500096346	0.9822621371356672
0.4905655447946034	0.8508322351626781
0.021543909958381856	1.0624780617412142
0.4550960917587096	0.8586614285277415
0.23566656812114678	0.9521232909430686
0.2834437945377385	0.9673298981185389
0.0909505816898002	1.0004020033487877
0.3749387688378997	0.9345310995104994
0.5263937515643262	0.9292728812290474
0.3430950669447871	0.9739876621051341
0.27903581475386446	0.9684012786988141
0.4404236282116495	0.9329380393997933
0.24609303164822274	0.9336737979880037
0.5325587597833733	0.8992433664696623
0.21626093970080015	0.9740280256693066
0.2782643283775953	1.0335148072554556
0.39588746350738446	0.9824798613658456
0.18894296915664538	0.9963262336820171
0.2187721387023004	0.9273999235336087
-0.10817286840932126	1.0575131180581534
0.33177493350408666	0.9214415939655766
0.3285124941614918	0.9193237332798089
0.47501996652997397	0.9297148982299256
0.3293609274923607	0.9911628906972744
0.20742779374638817	0.9896594040786169
0.24403091668872848	0.9403794710015753
0.4321334965230409	0.9178900326843968
0.3082653401743796	1.0167159061968765
0.3974196123587358	0.9218453326907677
0.2818171866263887	0.9818512570509553
0.28775916157582687	1.0004671392991875
0.29794008088224944	1.0387600471622576
0.38119670155135876	0.9499527843921968
0.28083441488465455	0.9889797085498298
-0.03348043199610974	1.1092818092897767
0.5200074474889593	0.9157288101295896
0.5646073784050033	0.8411483898195852
0.2558697956091188	0.956509672720226
0.42933356439566356	0.9975482359346535
0.4287617300498538	0.8909767912745173
0.40150190079488884	1.009699255390208
0.17315306785312537	1.0763310664373282
0.3823289565914245	0.9917512466984529
0.34065917406185214	0.9452370739049041
0.21273534846647713	1.0773762800414273
0.07149138777138903	1.169722725358257
0.35651132592227064	0.9436808897495264
0.48266062426094003	0.9477338081956032
0.21466353152845147	1.0094239448367492
0.4999847161311848	0.9339265135493109
0.388902105134003	0.9877154979400697
0.4610262743532017	0.9162735642148699
0.36805400091705626	0.9899292062426287
0.2440474595661414	0.9870184755275979
0.42863339947105605	0.9304307747144596
0.2767175733940379	1.3299739739338619
0.5243646562805203	0.8939112333072337
0.3322620127520901	0.9525661225379288
0.09867237600487742	1.0801878529495093
0.3649725636400673	0.9176652367393817
0.6606904776327958	0.9409841896861371
0.3812628477958572	0.9572486044743721
-0.10134357592756504	1.4414441666284945
0.24307518818251297	1.1362177656777033
0.5121052087382225	0.9337669696898796
0.6418076670945422	0.8513147465155153
0.40549949300000787	1.0834533935362554
0.40084749635414385	0.9976944793962325
0.4344056692232409	0.9932890230796466
0.032288952580607995	1.0647825205070536
0.6168155062187578	0.8940753630465483
0.514192825486454	0.8981591946750719
0.3906808633532252	0.9492257334658505
-0.18922907389019353	1.1318882546405282
0.09211717460307839	1.1743318496363035
0.35848910253274147	0.9985807989892364
0.24195691703999309	1.0125233033229493
0.2429314762652795	0.9624846518517812
-0.024906388154320464	1.0764823409577406
0.4069175562385526	1.085445440153955
0.23383744179669172	1.0639250938364955
0.05636835471887986	1.2416466328219051
0.4374216647016961	1.0320596370456683
0.3089848471587373	0.9842386496796586
0.17065364762065066	1.0764222808246935
0.35763983670596594	1.0142079520851817
0.46137444663169513	0.9484560789246816
0.3373234705093832	1.0616587491089602
0.19400461493230126	1.0536602403332547
0.3859841068557748	1.0133827604652672
0.35811752796173013	0.960915312248022
0.45686416199295526	0.9421200421190101
0.10450209166847776	1.0153859263567095
0.25428838368440376	0.9882755953522031
0.044624063486867316	1.0832221977031335
0.3505875252730262	0.9506983124317195
0.5607160885134307	0.8924572812164989
0.20858855014315109	1.08140126477747
0.18621303490892394	1.1433634373469466
0.3705941872000435	0.9811149168066978
0.18906794578228717	1.1157278145278573
0.5215483536392413	0.9528337523566454
0.11902252676684082	1.146969336386337
0.25607474566423866	1.030954275557672
0.28145841664133553	1.1142604842772572
0.4135784862111926	0.9733075586527732
0.11179102026538172	1.1078366086219322
0.30005832214366635	0.9954186157675754
0.23752656336476416	1.0892248407692113
0.035251731239120974	1.0897316368484617
0.11843674849774469	1.0835297941166564
0.2882809096532779	1.017784726670104
-0.0347428217370292	1.1318260342445499
0.3009147852518361	0.9905817266107639
0.3474219814422881	1.031483283805362
-0.22046665094445392	1.1656178809616882
0.35765117110594524	1.0879406242637886
0.20985612244707108	1.211008959432439
0.43099060278277823	1.1118611815184636
0.1923180171739192	1.011676705765054
0.40532720294416563	1.012229902945587
0.3245100531520575	0.9955597436160063
0.2252598001076573	1.0453844842563507
0.3673076757701373	0.9901483962159746
0.3254118735588817	1.0324851820712315
0.18705628497848215	1.0471680100478566
0.38448637178369327	1.0261747266012287
0.15239843781883491	1.0730109672245571
0.26218273417570853	1.04906299004448
-0.05233973158925031	1.1500294690022164
0.32424539729098695	1.1677958172260918
0.308995425271053	1.0649545285255164
0.5806485854094924	0.9807733548307618
0.17142315595921048	1.0787937199575812
0.310283479927138	0.9825974140148077
0.39545878823638475	1.1273460023937543
0.4262911508028146	0.9909984365940508
0.22065345299236347	1.0896935279597169
-0.3580493464138685	1.204093859496043
0.23901790695850744	1.1130525480931919
0.4182268638159139	1.0455452926209503
0.3163841766498799	1.1275580981454123
0.37975979881788435	1.0207138904107322
0.2854630333109728	1.076740729350979
0.3070697116134082	1.0217324661232612
0.38316910097744267	0.9945337145953971
0.04566925307377184	1.1774848102267597
0.10563814745102805	1.0806427752814163
0.49581710202169765	0.9588038086788169
0.12062921101382212	1.1911018107702238
0.305437391218918	1.0138609423635536
0.2092535235924139	1.1378075583016274
0.24718727914257452	1.091895782517346
0.2758521889698017	1.1111531164332287
0.07921047868307722	1.1811070852251833
0.09672913187230159	1.0732228708098432
0.24570032306599987	1.3650927935528316
0.19312146667864097	1.0556189612475564
0.19061595786419153	1.1679657900777098
0.22464080142597784	1.0584075833292104
0.3279367698475565	1.0359137562841443
-0.18577094833836363	1.24211243816794
0.30794375771689775	1.0592652294521803
0.33051834622038906	1.0986474187277808
0.3950202451832467	1.0314811279886207
0.4392690198068213	1.010636424799029
0.17629086734886182	1.063044553409982
0.32329179057969515	1.109687637734883
0.30418916406556773	1.0557585261521085
0.4178508659988291	0.9923944589501716
0.2010157599960212	1.0690308644484117
0.31271106746016214	1.0914237284738653
0.4807194439161993	1.0146364356413315
0.22497183812251337	1.0785592692492976
0.37262484434795284	1.0737050806866528
0.2779014161151087	1.0144758971180259
0.2567607255761642	1.0185957685407745
0.29265929505591004	1.1606466282030672
0.025583146034476346	1.1562358573385005
0.3850592177830606	1.033927073949426
0.26709904764767584	0.9995152069961595
0.4857409539564447	1.011527709773436
-0.06523279381307014	1.2791558452879785
0.1472505823799051	1.297282753506419
0.3280409797708808	1.1050222632160682
0.26549621521466427	1.2664545631581285
0.10293069728978628	1.241725520354244
0.338922384862144	1.1892928804301075
0.19390707593145382	1.147163914572769
0.18299793898986721	1.051253914017813
0.06729953585006469	1.0836107643877546
0.037587822366031025	1.170270189757092
0.2423684699977382	1.0258373688859705
0.05862572304905241	1.2546993991770026
0.3667651856124467	1.1744998667999162
0.17207905558740796	1.1475954716999281
0.21262992131136488	1.1172093636342026
0.18010119793761017	1.1853107747347267
0.22800187389010595	1.0270608239282193
0.2610851478080344	1.0510022668216377
0.38477723382073725	1.1022119206140155
0.052960418886037156	1.1951057174710933
0.25180871405286304	1.2472496113559994
0.18987726755828901	1.2239809799588874
0.3901166365052292	1.1571031420738898
0.3493591772286583	1.0628032109293353
0.28157106888095645	1.083871585530121
0.24207215136807053	1.0189050646534092
0.3187086833346717	1.0972306071781173
0.2980406828422321	1.0571644166099194
0.2195663031284508	1.0813800453019116
0.37125090102074426	1.1266035409179014
0.32183742879374544	1.0466724886862055
0.3992072928240176	1.031500216709422
0.36083598903775693	1.16398736947122
0.32603303207963763	1.0048111000888376
0.30814875934187924	1.1256922626435013
0.3601055564897986	1.2343392840263006
0.1734458502208213	1.2222449949026988
0.2470320470768813	1.1519433082510047
0.1939671269206365	1.134766424294715
0.3473626922289385	1.0870481519901678
0.2620405584794643	1.180947156774109
0.18564586629822422	1.1713757295586578
0.08128299163634027	1.1867880556798338
0.36263068176897556	1.1078500764754873
0.45097420140434985	1.0573282482537047
0.16607749341532557	1.1731667150685567
0.2740704252588313	1.2228765116715585
0.5928551036068761	1.0698126878012795
0.3474411783112358	1.1198807085289253
0.22806551230983335	1.0627321354217145
-0.20124231550130253	1.2843205022118462
0.260239235516855	1.1639939081941455
0.3067521079140839	1.065217572492826
0.13964273152589277	1.139793658696984
0.349700657292315	1.0499146327345292
0.3630525616638359	1.3140699941515592
0.3272221122477436	1.0281333241586512
-0.22251219591132962	1.3271778497917373
0.297292619587995	1.1583877895360895
0.2851500856823193	1.2568478643789676
0.16068900750811244	1.1006241396841083
0.10709571128665539	1.2394478597666647
0.2908213018809331	1.23836743973174
0.21225577504653892	1.0446025029545318
0.5338810923222489	1.1029378097705274
0.04438294316599812	1.1552734592795206
0.27587997196919384	1.2260342047667472
0.3368483504058549	1.0552427661095136
0.3834305159857434	1.0751330263411603
0.2838121402780383	1.0605543904388082
0.4953444971579012	1.03050468734203
0.36718769277699176	1.081170514836307
0.08003645198255542	1.2747573644707306
0.13782432014378132	1.1921800292644538
0.3760090023540918	1.1478694923604968
0.23702063155269468	1.3299314823426702
0.3270161992628398	1.09528282836444
0.20675762436550102	1.4737486664388373
0.07819553550583774	1.394291694643376
0.37745281521322704	1.077906159442939
0.40930257907472717	1.0995756480857182
0.3432487551582903	1.1249478114745382
0.2498719794849637	1.054419860872742
0.33358786189049755	1.1169821717885557
0.4445970709873815	1.019966970440961
0.3073705915513674	1.1004513353335197
0.32775702269173373	1.0962516991088456
0.33004051063656875	1.272250764936088
-0.04081688010742749	1.3275889252505872
0.21950412051649953	1.216208488536262
0.38846990329327774	1.0874798995304404
0.19549816367753758	1.0529994288519775
0.32679267502496556	1.0863823253058909
0.3280317055207718	1.0829310199115787
0.2948586279233513	1.2005254944436135
0.1964487145772327	1.0611965690023248
0.2759539860497034	1.106735976098973
0.1997408254089043	1.1716900066430411
0.37627234982535046	1.0764807304416595
0.3437934025860565	1.0997052411253485
0.192013555939182	1.104034434699883
0.32504370397883225	1.070513145848944
0.10463668242592758	1.6304589895902624
0.26118160572611393	1.126374853376164
0.13892747096201777	1.3481110335914048
0.20654924154603643	1.1195778344620426
0.36258290346964156	1.1437272996349233
0.16765391977051824	1.249267466916227
0.3163985878676381	1.1158756726308943
0.44104102311636584	1.0794225763413334
0.2566039349023514	1.134169027197472
0.329923052643505	1.1819424857159349
0.1997384339672503	1.3022324574297082
0.3803554855943162	1.0808037902087184
0.405806917191624	1.0847439747170287
0.09675630207314502	1.1497485824599205
0.27203977898492365	1.169174990022893
0.31231472766219315	1.0557144664092455
0.4664239301217123	1.1347976945642568
-0.03370715812288779	1.2930950878121656
0.3046978614747851	1.1144867090961725
0.18741366366200637	1.2535885260734996
0.3222192976383275	1.1834382099631104
0.30342426954255797	1.1397343495725722
0.1622803420596142	1.2165285814345517
0.2625428646032733	1.1088382994755448
-0.28509545008118403	1.2863599410770303
0.245556117090766	1.215494237860339
0.21022881433407867	1.2544990373309712
0.3072680378650423	1.1246548864072972
0.08070742790911889	1.7117460651256386
0.10489398638100683	1.52691523670767
0.1263865291289988	1.279932891528988
0.26798810081481916	1.178674528636801
0.4105804062422901	1.2871145506373574
0.3302339834386438	1.3073362777558015
0.4084571824589354	1.0873375729134989
0.2717239868228202	1.2043857161574603
0.1639768282383966	1.1284643848455944
0.32669409090713786	1.2319039859387684
0.12416981730914448	1.2626389555010615
0.337863496389254	1.2157604282105152
0.22675146721706965	1.0798312248620745
0.1131182008073385	1.2674286821946967
0.17961675951782835	1.264678856275963
0.19301599289379923	1.3336160071976368
0.18878815539691746	1.3154119873005952
0.2514205304505966	1.1897541907950542
0.3653389343614854	1.1076500172320727
0.3006526768384186	1.194652205241668
0.33851520554432857	1.1981442567846121
0.15373135474074867	1.124740819033347
0.23914020072024275	1.0837327957523888
0.32860702178714263	1.1667477079768729
0.2959857791554296	1.117306087280228
0.34691413113673925	1.177166409988568
0.2641362998276612	1.1317411040323884
0.1486699403638475	1.3032612274069297
0.26460856894347856	1.3705440499696062
0.4107054665522974	1.156231028968696
0.2902490452884834	1.1487651863394048
0.1928395759593995	1.0850579774592257
0.2713854080750299	1.133109661990141
0.14077451967193585	1.2930971804961036
0.29372883480789613	1.1969305308391818
-0.018502450161703588	1.2637896740801084
0.2820287922336918	1.1310420124876182
0.3020167279200912	1.2176526607440812
0.19580631791793274	1.1010748707658318
0.25448886064960063	1.3314736085587466
0.42779942316445735	1.253721521347175
0.27578649144744133	1.1069554262454075
0.22249706054855076	1.1541343654976226
0.5042667226033946	1.186816710730054
0.19218079505079416	1.119254470122865
0.494943943985332	1.2165701232472692
-0.05637928009545994	1.9183272375989056
0.3534272376775698	1.1883852208708352
0.1754209637225536	1.0992481859838967
0.2396379766632785	1.103671793525984
0.1677492026826584	1.3956619325834543
0.3023319894281093	1.1537587189903975
0.3840590595954115	1.0960286518475395
0.3536605972330259	1.3354034692639563
0.17811285653605027	1.2738820036478786
0.5414613551209666	1.134084164076956
0.20210684506087925	1.2753129167165425
0.1708002638105628	1.1515103915964502
0.37926744521227146	1.1816793419206095
0.315689952467851	1.1033280698959005
0.2495454472466115	1.3374562885926655
-0.19441850843192726	1.5041587446646054
0.22075786140228468	1.296057148121894
0.3080438691986152	1.2936210598395401
0.17622406933319898	1.2925108740157518
0.2679383564011556	1.1649495810400101
0.12760894714751542	1.3254458183216575
0.16293244872324048	1.2008267861398374
0.18914876727742855	1.1378581563330386
0.3548562168038184	1.295483938947031
0.3517471133865514	1.1384522077312536
0.2645480077207434	1.1253652832379712
0.023698122274288278	1.3523959836411032
0.27485602789301095	1.162307759945055
0.36364314003659687	1.2454815379405002
0.2112774897716621	1.199371366672502
0.23705412686245364	1.1276296330061188
0.3389737411509452	1.205100180751553
0.42170785976301095	1.1610543347517264
0.45473468789857774	1.1877241793107456
0.34141491935824303	1.1734666801499123
0.23589515949762616	1.1121280575319785
0.2657923823890321	1.3767507293457069
0.4157908374785293	1.1505502038435231
0.4801301174217462	1.199981103207239
0.24764331505631298	1.1820651517568497
0.1937644380977385	1.184259049779361
0.2783194237772299	1.106031785286394
0.17392970268193775	1.2780953932731194
0.20955360370117523	1.353202537931749
0.13821944201004363	1.141827538619706
0.07894590073681017	1.3789961117587113
0.2562389636877254	1.1131847031792534
0.29791072053281603	1.1385902062655107
0.4128655043604443	1.4005640415881084
0.30006993983399743	1.106077250859865
0.235693338946709	1.3150631435618962
0.21669263147627937	1.1964329086528644
0.3071982725681554	1.2553111102412178
0.23162132849175382	1.122311996725407
0.3005703260729284	1.2236136156991255
0.12785103781993185	1.2338041549601528
0.3517459519621376	1.213975776668195
0.31888480585138496	1.1779032417595785
0.2647748057754798	1.1954300644333415
0.21948227974749812	1.524368402367688
0.4384184776068904	1.2040100679328534
0.22143012704935816	1.1207804223386513
0.2675159510445545	1.1602157346569848
0.1790833016031949	1.2921369351605883
0.3269412715291481	1.214387674131354
0.26548129591195074	1.3244302087075592
0.26537108726707775	1.2788474241828751
0.29048216078003924	1.1665626072646194
0.440885450983993	1.1591227809224567
0.21610414918785947	1.0857197194608152
0.35001894415471796	1.1347265347724114
0.21620622582075932	1.33591693676286
0.20625875812244304	1.3259151628505805
0.2909296965840367	1.1271817695771322
0.13898019416724713	1.1537536464280087
0.21293149642541948	1.1608295182033783
0.25932044177942504	1.1482929736395666
0.3228544115223747	1.3082431032907016
0.16564794133794128	1.5000247106689104
0.01325918986230676	1.4610321701637752
0.23858108747304757	1.236920996518178
0.30704962732806	1.4020874551194298
0.23102515544087693	1.2862298209090215
0.053465340101787905	1.5392470573673234
0.15526698852504536	1.2527533409733085
0.23277325934336482	1.223487822485064
0.12098805546438393	1.5021041790607617
0.2435237072768224	1.3071758491172258
-0.05278935490108943	1.3674059508405398
0.31167498075180067	1.1816386930426204
0.1639378481396207	1.44728112127435
-0.1937024169960439	1.3334606306270103
0.328081346311257	1.2188029102051787
0.30778882080536474	1.2025367498421722
0.3385321623853168	1.1795784535792326
0.1997320531834099	1.3398844623536816
0.09699837783239312	1.3956080846287358
0.24899026269107505	1.1763387825191514
0.24850763826015593	1.2852164170534182
0.4352507366702176	1.2151755830954436
0.20276298574384627	1.405901230221652
0.11196251750229912	1.4643521408403877
0.3391012744149438	1.17750788261006
-0.1078010700754582	1.4928946212561767
0.10373875781224333	1.6595130543850123
0.043643312459446665	1.4425675252593506
0.24989560966021573	1.144704299785807
0.176887763423933	1.2582442661815805
0.015390626832859473	1.3691443113828383
0.20071564361377245	1.2331726720919567
0.034941050528283724	1.3944223357731045
0.1823142837353164	1.2186505869789077
0.08274847428234096	1.5044870131433763
0.44745619525477875	1.289796791298122
0.2526474165579609	1.3361706088683063
0.26736336248143444	1.1746291260050714
0.102427729184223	1.7723558109838455
0.38044063769076475	1.2328210122907861
0.12905073825065128	1.2674668084218077
0.2689211636209508	1.1895126780872305
0.18327727616062683	1.1825789274314746
0.2708073556961885	1.2517208749069102
0.18430006940249444	1.207442892565805
0.26643532137748727	1.2302863012635623
0.27399186665866454	1.20739266672035
0.2771788667300438	1.4046128987960964
0.13192011672612988	1.670619511936456
0.19386571818856324	1.1670545112899797
0.27585529426252775	1.2768161158325444
0.2507660387420056	1.2281796117007808
0.17075845517347887	1.578983722388993
0.25001174771040086	1.4747676523764972
0.3194669631649311	1.1965350393579968
0.22109535199971397	1.3104101947595819
0.23939251659594452	1.2474015891154508
0.17970071157953824	1.6308337220105427
0.3205771758469951	1.3480929435616213
0.2177584051178254	1.1868243158094252
0.30535689051734416	1.2314577622736385
0.3506399276363592	1.6719296585996706
0.23198468961079868	1.2110999883945697
0.22284436306342187	1.2893601492953086
0.24840137186141634	1.4149210867139166
0.24992147240713425	1.19693435935489
0.37023843014696267	1.3145612458961289
0.19271312817536285	1.180531048952319
0.34629461173685516	1.262531857578612
0.2824455087720953	1.2084337230699458
0.3179897368143077	1.309331048894042
0.21350048818765383	1.1321241619879299
0.2947298477320086	1.350421207776525
0.19074800027083444	1.3922383159958902
0.3328799713054301	1.2169109949307264
0.22582553940154	1.1771987019643928
0.05937176147240874	1.4048147777118905
0.3138579450485514	1.3273491197866816
0.3127412509134051	1.2063810864605766
0.3849337236811044	1.183523439154452
0.2510127471163301	1.1763575974909581
0.12152974585789232	1.392623590750235
0.2987901807085884	1.2999512792626307
0.33606295991368784	1.2047121062317638
0.3381622189685374	1.2540727879601024
0.010803142406912407	1.473160117706075
0.26946704433174284	1.1876760649295188
0.31317847942084215	1.4082046102046517
0.25497238156284896	1.247946668621091
0.3110482577172624	1.4667053462604234
0.27643848777809266	1.2485958387531753
0.34452013814153937	1.386933109935539
0.29660501326904115	1.3049745077605257
0.22233860413399972	1.3198122646212842
0.1702613798304262	1.2091421541293932
0.12091367224266185	1.1587416264646713
0.3242198590874371	1.3304122850023696
0.2481936143122649	1.2222316618918194
0.18589469101047934	1.6205016032489379
0.18761561027568285	1.207787060649808
0.2971289586050461	1.3702319861717014
0.0817162356922677	1.5817029121931514
0.31774441790609237	1.3268288487409063
0.20634791167321642	1.3394967916232734
0.0494741611696592	1.400117792901192
0.20958508104818205	1.2062079678108601
0.2882130333240191	1.5234095126028415
0.17167382677980594	1.158899608061887
0.27367718394083534	1.2513740276242191
0.23863034856461643	1.1403739321853212
0.24155792322619044	1.2368870500195808
0.24164145095036763	1.2963740677813291
0.30032039928024146	1.2212534030143178
0.36664116398977004	1.3027767288778875
0.25866473802440454	1.2042874223827962
0.21894711619144896	1.1888792413177867
0.15835110356150664	1.345496174252096
0.2277553021058282	1.356246223590701
0.2978212079585534	1.1736375046306753
0.4214850062941498	1.215930926921322
0.2511053099878809	1.1555087434068385
0.08364271574645721	1.4956535508205204
0.20310868169449806	1.3257540880267622
0.015940965175515985	1.7018766951856286
0.3040035881053189	1.1996534863483135
0.29030452831967574	1.2565352722327754
0.2571674175189842	1.274060426933155
0.11591789901298863	1.5294128128104982
0.2637978055704509	1.2927618717333178
0.07339093254887177	1.450772681832032
0.14808805130703503	1.1379121962819674
0.1622165479645439	1.3711005677108041
0.2027389630186674	1.4247177784150606
0.3068930309074165	1.187587661597758
0.1236779673723743	1.4804177868632304
0.37549035206940645	1.2875373123261071
0.3555929421352948	1.2988734603610503
0.0145935762970304	1.404369084335615
0.33560707543620943	1.4492011427382825
0.26771985298439127	1.168193316053611
0.26063016190878385	1.1995773853150864
0.2367487794672627	1.252028333066896
0.17385559012618804	1.510731006679152
0.32186121820944985	1.2125298964056341
0.09256097995540465	1.5167803007809333
0.27777425178920817	1.2476421688554025
0.16920528940307217	1.2658718570947018
0.23813423410652812	1.2324395328482176
0.1389202082068096	1.688958507986718
0.09904132669163798	1.5020494924435697
0.22712059983466654	1.4055768647286544
0.16215075962410774	1.2498413891120186
0.22635500981463505	1.3762473268731104
0.25426609765424557	1.180982255033248
0.13894944834726503	1.4515954360983583
0.2572455195927674	1.2523009005030739
0.19214202477814366	1.2335509036344345
0.4027816346534604	1.2830593384522835
0.18086176685562355	1.4619320670118274
0.11158080765990405	1.3329657018489183
0.2682496043297868	1.1891111792284323
0.33003126823776296	1.288865558919076
0.21110766898663416	1.3234804420971473
0.1679050869896872	1.8261142188157837
0.2799225906423836	1.5172054386768579
0.22788779806434506	1.4582087562279473
0.3008348779449381	1.4999781986284872
0.11151232761930924	1.6465782176187203
0.17737044508156	1.9270737375516052
0.26682707102288117	1.432287845020081
0.14989602474126573	1.547629021465829
0.153356320055254	2.13676765464938
0.3471646222044369	1.2872227389733362
0.11508055910240071	1.5475187665816148
0.2954732107017843	1.6220284939364447
0.162537206384459	1.1883385708425276
0.4102570665644226	1.2701559256628947
0.27630894433124903	1.384851982679117
0.09762645213219591	1.5961417584552093
0.3228096464590859	1.470865383237444
0.2665855428951526	1.237099171149221
0.19695100427132903	1.6140688298467427
0.15493841851110327	1.1944524380370654
0.18667189853449778	1.361264067278842
0.11902544201060958	1.3520585782349948
0.27584790182456653	1.2965825438816871
0.24681925249791975	1.2333448142924055
0.1558297779507039	1.296551683724937
0.10117564595600873	1.1973420457547603
0.1690363775519976	1.4305374376336522
0.24473354507737385	1.2643094372740495
0.20183925796262484	1.3922830386236693
0.15929150120428506	1.6127248498090483
0.35779789073977275	1.2232018862097687
0.26215006195146034	1.2244295724001444
0.27606092050899145	1.440285257930694
0.27426242085856245	1.3284508819566334
0.1871559251696332	1.3089775120475606
0.25924999821053674	1.3275617787464036
0.2123541876364443	1.15651055994649
0.21444449470053556	1.2855806801979606
0.2506660331467412	1.3466925259486735
0.19532913561460954	1.3738734797508236
0.18664802484944826	1.275264548491376
0.2849890644989941	1.3123035863301054
0.25383506133857775	1.23900590030551
0.16961086300586015	1.4426035443349698
0.16616113381093373	1.207460752998879
0.338790351956989	1.3461368563927232
0.015346070012807841	1.5854209488761888
0.1623251990004099	1.579654783795075
0.2780752096910186	1.4419817767734395
0.23764567747812135	1.3910424615181929
0.21689576725729628	1.528641781260809
0.23359548584300568	1.2360334036461327
0.10320675977850502	1.6415946030690125
0.26393210921773863	1.2524295523200235
0.24862794236418365	1.354510516633531
0.10383257621554962	1.3113624581344097
0.1785436393326447	1.2424051832700551
0.23947689853062498	1.3475049867589148
0.24241191164927905	1.354096353173366
0.21188214850931847	1.6791484316452163
0.1638587905731014	1.4310209159735339
0.16340496245570688	1.2767620300753462
0.2905420038456384	1.3497674249597433
0.20152504568509508	1.2016009615707661
0.16313304373257334	1.5418590961445882
0.14954289761513387	1.6193666531122841
0.08556668970903031	1.5376571707788391
0.41040336169901204	1.424630501707835
0.21517978257175654	1.240988883333263
0.3407256462608556	1.2553796963577204
0.3079788460661688	1.3623682321362072
0.1269724735020404	1.3776823973894152
0.2186389906558418	1.2307934010286024
0.23523382488483194	1.3794458175966116
-0.06889936596638936	1.5615561432844995
0.2626619105614307	1.2302134161782443
0.2747518206110384	1.282551604045058
0.2023507424282088	1.2603745418810088
0.08800002977012857	1.6061819536232624
0.2583687355245417	1.3544921876710792
0.2148845628485009	1.3003052233195327
0.20496145749584446	1.4236454701926775
0.2828987314177594	1.5397733104503155
0.23200193990406165	1.4415929864868244
0.2811460933343778	1.2401197656678509
0.10624113177215051	1.4624988607548515
0.12812339841119375	1.4463286337995327
0.18774624945040216	1.2165803785728286
0.2815603770073095	1.3667389818643265
0.25476717197506	1.3936134438192906
0.25471814930920983	1.234088401774717
0.19794069798008765	1.330998072788224
0.23744343294063913	1.389544819411012
0.25076211090255063	1.3050181103954024
0.13999089180944133	1.2052940847456157
0.4091331703920353	1.303040699336627
0.25412742566857216	1.2576479695467966
0.15082969106103425	1.351162819108596
0.1789277429369551	1.2017925674316428
0.25192042895781297	1.4308760233796607
0.3001194344966983	1.4530209677218981
0.20248069341201919	1.4850897857237153
0.21206377706480087	1.3736177602563346
0.028830933320064676	1.8560076741891207
0.23683296836316675	1.4272441376074654
-0.005622444755563237	1.892550318383768
0.14111434890689722	1.53392792570157
0.30390199508531707	1.3345273511031612
0.21640633484016958	1.2344197481773553
0.29585937200690077	1.2980361792633168
0.18607589872284938	1.233967483784738
0.20602091559856175	1.2505222374928195
0.2902050611998575	1.2637012412152686
0.25946787887099226	1.274041247866129
0.23795656567977022	1.2565488866409347
0.372644526017489	1.3697576705951677
0.26618055143760805	1.267450437762754
0.15953128620135892	1.7543898952585057
0.2807917301333969	1.3967220097394637
0.2671490849524265	1.3545998598959108
0.229518288994045	1.3161964058372806
0.3743790452011429	1.5322541908089882
0.16646610750801322	1.5515765822757308
-0.1983243133994732	2.4540874987349626
0.23445601235757826	1.3082722245996496
0.2905819963124647	1.4710226821857069
0.25494073546320073	1.3384686924057199
0.279507712676956	1.2426991645101397
-0.030067697354652295	1.5383218758724733
0.27900042921862833	1.2564112532689107
0.17260874596592934	1.3698687417883597
0.3050540917468843	1.325410588614247
0.33305527028910265	1.2732951871442066
0.35431125209307557	1.2852826531678758
0.2243772096579547	1.2465130005579408
0.2115964934625386	1.352228674058649
0.2874114575462925	1.334042087541367
0.2568257610575803	1.2610954163350652
0.34751173693109655	1.3941248717382213
0.2853410124389418	1.4236964105622874
0.14671366613515424	1.1655007499109642
0.19631166636015393	1.3359546331681915
0.10254833831081242	1.5206954966409563
0.2392235611396691	1.8258413878123831
0.19902405598725564	1.7999879280487314
0.19279186518246713	1.2179098291132793
0.1900334087202499	1.4427363539588534
0.2440024534776569	1.2378350687775934
0.20223463817792986	1.5362846932532455
0.23006434917275417	1.424976289387358
0.24881598286031006	1.6368547563034468
0.13017660835875763	1.4915527239714268
0.3129566631154165	1.3071149727285354
0.14501868041303503	1.4995484808942838
0.3579581664464954	1.3772392829963942
0.2870250861511582	1.2742271508389038
0.22122083411196847	1.255697599517476
0.22887100271119015	1.483354038100344
0.32114018897550606	1.36199887993399
0.18179235471089267	1.239944728672888
0.1466236053080235	1.4497811332924833
0.03639865562320942	1.813262779200952
0.29643528204507913	1.4954333081829916
0.17806981735782756	1.3289496695732876
0.20603931976456108	1.4524575040886114
0.2950104897419001	1.4221850682457102
0.16814983495302663	1.351356026224526
0.005259291972291807	2.1164024351411386
0.34813114190009975	1.3165138534457652
0.16545509437313816	1.434633390869383
0.31702747239096024	1.3032718044975988
0.18053666564271667	1.2386422736452178
0.2740477854594873	1.545307045362136
0.2060618820312937	1.4156974924280674
0.2387052568096214	1.7398371553655891
0.20298594290970853	1.3518673370422414
0.23488752948839617	1.3066991554750735
0.195399164277657	1.3880441612296321
0.3765636326634777	1.348972664820203
0.22641723980903875	1.3554426618387114
0.11385061150128288	1.3224709563244017
0.22445306270595744	1.2630888742555266
0.22968925517228103	1.2983876214733576
0.21235847049483397	1.287502282408575
0.17463616574171661	1.2414785657327307
0.32423099407999156	1.5131589061700499
0.3815075443787186	1.4351891619377335
0.2518407165359097	1.250734035145479
0.3230179201451527	1.3123704027506373
0.21661474963696115	1.2895694407624914
0.14939847535563705	1.3195108934085817
0.03723896550683304	1.5645415874764923
0.2831882027012285	1.4013065843154098
0.26069795407361607	1.2848157792113777
0.1842360451949654	1.2424582236814592
0.14107297374818586	1.5600513897747015
0.05128930005188663	1.7129588248506598
0.1508196981457555	1.262401002334221
0.18954498590253666	1.418980809072146
0.23732506039029017	1.3233926223897006
0.13101447664008584	1.6879452956874852
0.1273758854816781	1.4848131765379655
0.20381264168579594	1.3639251276317705
0.16780140727002968	1.7985483066734802
0.16681125493767995	1.487686540612256
0.23232412432511793	1.2848057288672832
0.28205046207923945	1.3056687325496144
0.22199754889778678	1.7002655211651514
0.20663449580040472	1.4687030204628846
0.23691844874406126	1.3563061849524565
0.10814824984711172	1.6537186616236814
0.20151418960737502	1.2958814879802638
0.14662301619244386	1.739277673182783
0.33827691948361494	1.3332213414825338
0.31700941163847274	1.422772359959577
0.2565465284465064	1.6918968213949956
0.2508141638932549	1.4188006180026085
0.24563939827395134	1.5235029599823453
0.37021102409087137	1.3966027349492915
0.3684166579904966	1.369101983065673
0.19769628936059308	1.260172699661844
0.16866430935195942	1.3557983218492866
0.28419206214781656	1.332659522467993
0.25437263617042943	1.248351991352247
0.16920105777406177	1.9448766069857144
0.27089508944136165	1.4018058006209269
0.07050976303090441	1.9818624930283155
0.3104420120877409	1.3626412832168222
0.07054946225581574	1.4191174947913974
0.2765422558498233	1.357647837310831
-0.029621335041169514	1.651298729739865
0.23670169651222192	1.3551320078989832
0.05159049054111205	1.5333829399347303
0.17545339713147587	1.6398678482491298
0.20908728633819823	1.3118461839934206
0.24283875739378644	1.5083251700297793
0.217094840285696	1.5562754346324863
0.31347570395419244	1.3324512327553668
0.18638269129274881	1.5848819976016981
0.13298444864721998	1.4936235455892788
0.29548065130492934	1.4244382552131087
0.2163716836462709	1.224711261783118
0.297424524921554	1.3798899924142631
0.23692500908369252	1.3327868601783242
0.24526618996776756	1.3186388848979194
0.304946396523453	1.5408237867618126
0.11382279661255998	1.870788166851888
-0.07708498732710574	1.7120354134690816
0.25767545417088844	1.3260484518358595
0.2283759725258736	1.3316772030841606
0.19680676242410108	1.719448952502166
-0.1568316614262751	1.6628629962565584
0.26785600766279405	1.4436927929237995
0.19583365789037901	1.5497895309863188
0.09045153215835658	2.3778626740778845
0.09288213537725236	1.6725919270736358
0.3714145765122608	1.4098456177317822
0.061532273234634983	1.4868308775966879
0.3309698731281143	1.494522628186776
0.21999007727312694	1.3663428115726535
0.1553545753203838	1.3822302030197304
0.22471644102787464	1.4581128883463457
0.2864957582583924	1.3756874644565367
0.14756750287520964	1.7521059477374152
0.14318592192279853	1.4145558153725217
0.17199457681283298	1.5373485730803944
0.19930790407049714	1.4281372553796159
0.23680127632998094	1.2766085039940673
0.18999578692774954	1.6664436958757551
0.19776369472668695	1.4619205705616172
0.13399650996614867	1.764713158058917
0.06753771180476045	1.663460756327753
0.11005185290183879	1.6878738807034326
0.2045920040097466	1.4197446128386624
0.21697435011013735	1.4577318691623093
0.11955893202067762	1.6354487352021183
0.10842751579908572	1.5639547507600342
0.29934854549062756	1.4120386225643333
0.18763153461698293	1.3880740578962922
0.179912426676164	1.4857991157558315
0.2252311356770093	1.618309183446378
0.3043978482773254	1.3842744884600204
0.15698295814992977	1.3701257446542057
0.12976049210463164	1.5246566554623235
0.01016945499637685	2.0197959399073135
0.18628227670845146	1.2875636270220217
0.2988315278830746	1.3416512492719295
0.1601056264352446	1.2773742482009767
0.21098950467182584	1.2515946374170472
0.1912625536331336	1.3075577733974695
0.24471325929550308	1.2566467937355144
0.24098296449971077	1.274742825523267
-0.007766898641815591	1.7580222321750951
0.31221347324751375	1.7178820748710992
0.18803111359121605	1.5859942625357293
0.1974623655098967	1.3072314759033472
0.11855049104478856	1.6138040070659463
0.2698236541447958	1.398197767707481
0.2723857131008632	1.3552582431170346
0.24293020881449476	1.381218244947815
-0.007701315080168181	1.6886485957624595
0.15100292099022053	1.3578008107830102
0.004085052740695878	1.847036416298361
0.1543380467751688	1.2517069960807012
0.18174815074650377	1.9720107989222166
0.262065748063603	1.506966247023228
0.12486980576113739	1.533446360848204
0.22677258776738937	1.301153324800663
0.08253726375878026	1.41196453788125
0.28561944008751683	1.4881284584932597
0.24509698708457517	1.421702846497135
0.1889797633758478	1.5521497156739563
0.055733419871871005	1.6688507507927093
0.21352013621621468	1.3889537469580653
0.056680147971602694	1.7874166140220353
0.24314171270323948	1.4521807367245239
0.17981739842109226	1.514892461783678
0.24202822361855544	1.5944311217874774
0.22945253154604664	1.642629522467766
0.26312048562795165	1.3282034817531119
0.26497241388994947	1.404849342102473
0.09682937883143457	1.3408103237375484
0.2750006901377896	1.77465422754958
0.23313489179253338	1.2822160732078665
0.19926115907151265	1.2893919001945895
0.26627405020887573	1.3513456561212496
0.241898639506152	1.5306527193145365
0.24793187427652916	1.5685174826777135
0.17998390320871346	1.2066967747822814
0.34408996365417843	1.425835704698841
0.2986707201934911	1.9965398135824242
0.23331758273542588	1.3061864065484963
0.1975407196018988	1.3034616451604566
0.26666507521106986	1.2829908437102766
0.22009196823814176	1.6060179427685772
0.3376639803784905	1.3930383637040542
0.11790927499812177	1.7472861664339758
0.24381451343282085	1.3112369334326581
0.24261004557466997	1.3241434237437226
0.32950379046164285	1.7144221736223926
0.2299012467990695	1.4311940699797807
0.15261590115381463	1.3108539293275934
0.19832626922252541	1.283535667153583
0.15916202612215527	1.4685925448184403
0.23685125475321545	1.3653553883252563
0.24778039240613725	1.3485792783150392
0.26991888261372915	1.5173199470950207
0.23939677382508706	1.315409656734754
0.20845664387504262	1.2611456639487095
0.2819859043829618	1.794342846990563
0.24240317714209816	2.112337597887752
0.2735859895087108	1.3801475735041022
0.22001555399590098	1.5416333897543952
0.16253331441224222	1.3608522519605386
0.2511802453673938	1.4011080288428803
0.03952710498798794	1.5148222741510633
0.1421454946577424	1.52457765790616
0.19443426149161167	1.4887436746442366
0.21528384122064725	1.3791541335252469
0.27548956425657734	1.6090489720397052
0.029126819511261712	1.7347548987305357
0.24092682756631403	1.515649963139393
0.22714603571931782	1.270359716844881
0.28759286642655757	1.4637551701935885
0.27119024928466334	1.3124164175457977
0.17159634770315035	1.2944239917272942
0.22713903766144272	1.324525375158958
0.23238463539947002	1.5482844768608117
0.21633993200052892	1.5870676150823273
0.22152045014761135	1.378506762752298
0.19080060247671868	1.2707503759354286
0.2833322371659016	1.3307009134583405
0.2911956455710883	1.3404927344548188
-0.0960018417021573	2.054983965215633
0.2705477846334519	1.673379355295465
0.16120440343224413	1.2510296608018001
0.3028202374150239	1.4146485826311668
0.11024053956359633	1.9795523243923785
0.16107784575140283	1.6768630768177148
0.3055411226112614	1.4004847040056416
0.3797154127288285	1.6050274126618072
0.059536826599404395	1.8233842869334966
0.13230240086111145	1.6427162196352068
0.21032786534541262	1.5839060659492927
0.27389978763897654	1.3982412152228885
0.23577523818578444	1.5316068080955447
0.1902564508064018	1.3312385036039016
0.24784772870357383	1.323785571327915
0.21708279282396967	1.6586964223121972
0.2276726390549509	1.7080632246356295
0.1141617562697055	1.570234635916433
0.26677950264761885	1.285709569394583
0.19121298867126169	1.532253176649031
0.1432393812123997	2.12878534377693
0.3094557711893439	1.5727696851934236
-0.14387764976275572	1.7452835282555723
0.14663445660306537	1.5075509075677804
0.1939836133461469	1.620461789997505
0.060592822690794024	1.6760394304180102
0.323423803547099	1.5143408650905603
0.038742800924870674	1.8492163553420218
0.32838104355874753	1.779765539576917
0.2623850268323923	1.5407731402808234
0.20585853641362828	1.3997025252465354
0.2031961214502899	1.864797173094799
0.06184007224191697	1.628444638604361
0.1747296405157456	1.436104026317594
0.11733727582946735	1.6978903637178906
0.0779622077983613	1.7707770252552169
0.12266377830142555	1.621746218753193
0.16856574285919163	1.5639519171526408
0.17685656987893852	1.305785466643406
0.17460512289066987	1.2829913620598723
0.23282063287602997	1.3013669028156605
0.4593150471432328	1.5031837675544442
0.12929775482594402	1.5122010716578682
0.27949697159021	1.8400135424573116
0.02777970867841232	1.8930432842337341
0.20622769793906565	1.5318207971745774
0.0327844188686105	1.6632806823024109
0.34640267970728683	1.4724487300673452
0.22615154879193114	1.3221823952829879
0.2519022654363173	1.524509452846731
0.23870996128719243	1.8340718677303411
0.22756804816799645	1.351427180694369
0.08023276936960244	2.075736521530768
0.10298623561691214	1.566725153410245
0.06123261266010418	1.8009522737821986
0.2991251919931081	1.4801372105329713
0.26598580894769364	1.379425298169043
0.3681453257080863	1.8093808253202601
0.19314500188678574	1.5115918476945565
0.1908633794241489	1.2829354451671398
0.21317407119698992	1.4060069456861026
0.028480876837992358	2.1670814598658144
0.1983399993666578	1.632546453235735
0.11495709569348304	1.9538172760202885
0.18043442004854152	1.3770224314110162
0.19009802010096902	1.4102917915212672
0.28633622870673303	1.5797549941790272
0.24947996749304022	1.4571186025218983
0.19635468375468068	1.3159955633790834
0.16575105235558873	1.2840006257143222
0.17271682657854906	1.4762494184251505
0.06935749014195926	1.7531756393075109
0.15904419280608878	1.341824330985928
0.16353983829123772	2.0395349616784073
0.25804406078707876	1.5425977033892226
0.12155287101715102	1.626612552838123
0.14071938332869113	1.8411416114294057
0.18541383489564128	1.3115263610572716
-0.160965594866087	1.824326370529943
0.24797562829635525	1.57942911331518
0.1823817492583187	1.4179826795812747
0.252753925192368	1.4929828453051668
0.20159623343433936	1.3809232464473848
0.3416412707088369	1.4510731778549353
0.22554506308301958	1.3227144063780256
0.28314036843324153	1.3063480893819803
0.001203848603222469	2.5897403729815616
0.25664243074035825	1.4109951836394268
0.24027592568377854	1.8055220587924214
0.2846048279392455	1.801147123584395
0.2794698237283452	1.4891336167549727
0.32562118763011494	1.402860042929997
0.1778105186101157	1.3524845670812748
0.26749870945393683	1.4126927302366639
0.2293928864857394	1.2946290694189655
0.2494114720384643	1.7201072540613147
0.18614256098509327	1.3510891793509898
0.2687047230413169	1.6935296377186038
0.24781400038501597	1.6636712459734857
0.08735232539981964	1.8499789794377035
0.2245929905062228	1.493928695006328
0.22252022630630305	1.5452920565010924
0.4325771441838138	1.6145901610253093
0.1819312233247882	1.3142593858062521
0.2625936726082192	1.520302810429972
0.1747054466680332	1.276845737539379
0.2024094284633245	1.3560431510764182
0.1418710041601988	1.5523060436754914
0.147936834035312	1.6229764694418634
0.003921102613413044	2.6442963050342394
-0.14586922730299784	1.8885614766270151
0.21317036998885108	1.3778286205115982
0.15537806730344997	1.5836974972211166
0.22372845941489436	1.54716021062085
0.32757680324542954	1.4653971678063824
0.15942077612437083	1.4080180371205284
0.2064600679446776	1.440553500671877
0.02963698559316628	1.936712488249311
0.2584956886632452	1.398881822233156
0.11879804938233132	1.3995764371894632
0.29541813427793956	1.442935215419859
0.2930698436184917	1.53941930941906
0.30570175126039295	1.487305528357677
0.2646732169943229	1.4189244530999017
0.1721350973436849	1.665581104846377
0.17344461690548796	2.147191445522475
0.13210713198767315	1.8942816111908694
0.1668236358883305	1.4431278031774117
0.2759890405204395	1.3524851286922295
0.2621842337072211	1.5685536208639181
-0.046805247471184225	1.8179481135020195
0.2889026291541781	1.5986211673426498
0.2501850445043609	1.5763034928938586
0.1808490515364564	1.72670412569666
0.14969871676280674	1.7101829182267292
0.12657673828211363	1.3186519808214523
0.17476286171191502	1.6304171188445558
0.10823808243842475	2.0077114584620297
0.22622173976215457	1.50870150828511
0.14663203699668248	1.9435313979981272
0.0946196842056224	1.9746654805422945
0.21181635083324288	1.8608239017811286
0.014969408586912026	2.519760707607416
0.27705006590249537	1.7035479247207492
0.1028313030288125	2.1366765036668105
0.18445771701878771	1.898447436141844
0.2485269571039424	1.3918050506760555
0.1691189731837287	1.3776945776581517
0.24591193091325067	1.38913016860984
0.1943806292142977	1.6355910144914447
0.18128972923419212	1.5898483751137953
0.19381229393973312	1.359001777133686
0.20116389764528564	1.343862674402019
0.1733218752233495	2.014871701347857
0.08747213872228228	2.349194468629542
0.1674782500662806	1.4147105929671397
0.1429511016469672	2.031650562688449
0.08281136914442448	1.9019767972943935
0.3276536451309194	1.6920865877216411
0.1847550798334775	1.5845808342079797
0.16256842182506126	1.7043045292134216
0.18444502733172474	1.416132356698876
0.20769306706693913	1.4375972940368609
0.18708740174711608	1.7262571855614737
0.1355415629693067	1.5445204686227467
0.05852444108011108	1.8927691791197305
0.349163055602091	1.7774065200888474
0.20665073743266132	1.3111811632882813
0.041479163679428055	2.0406895632564783
0.19552822624305766	1.3456183328393303
0.17726640728931017	1.4999798628766015
0.20978996403292394	1.489510823908221
0.06749620880263088	1.498531505703062
0.10806335003938791	1.8791663042055518
0.20251605087165014	1.3942687035826427
0.24130635579449972	1.3879661068858289
0.20088520913412192	1.412161946845648
-0.004304752140772955	2.101915937839678
0.21789082737472432	1.7772387420380376
0.1451919935354593	1.4172666544490067
0.1600855878069696	1.315518931721316
0.22926212033348706	1.6229947331145897
0.18000150469202336	1.3386753008122236
0.07628212941164851	2.4691608769568383
0.08943471096815474	1.8526134044973162
0.13737193608732826	1.2222987171043964
0.17014159492500888	1.7573166616278453
0.13708961709714917	1.7170774960997446
0.3293259127550865	1.613171138579073
0.2991188027263736	1.4833658512601338
0.10610055290426608	1.405815923434924
0.10121898722869943	2.238061125304283
0.25082690798865803	1.9058398516011172
0.24742957999461368	1.4357489999678312
0.17254714359473658	1.3761712156967012
0.19310388734259284	1.3578518101349615
0.20683841608022804	1.5430618412780421
0.22712186572894558	1.4111420405936963
0.07246197115491503	1.3998218700265492
0.2380425865168009	1.5293684984419704
0.08496508848804785	1.8876295838270112
0.2543889911685933	1.519417742516756
0.29931683790199304	1.5651013175101545
0.22459098060460508	1.3970636360122008
0.2550224356838103	1.3961361384910966
0.27345959548122145	1.621195485467941
0.16274753805275066	1.3761886610842888
0.09739628647540978	1.7942196424990922
0.18138783318881713	1.5378431344895518
0.2859067674403685	1.4807955322129476
0.12761539692882204	1.5522494990785285
0.23490672654394903	1.5485382044060003
0.3228705104352911	1.549043801290592
0.19543169938114202	1.3381165510525943
0.2491228219800996	1.6815370523713131
0.15479622178564337	1.5487451244353045
0.1844024805679959	1.3920525689530694
0.3332893978903752	1.4377660651132864
0.15679936865101207	1.713662746518794
0.2779201535355889	1.4561453454967652
0.1278417725788088	1.6215790706795472
0.19624890292622207	1.3953197408823763
0.16294294968200845	1.3479103938653998
0.2593729090973041	1.651439657382453
0.037793885430256954	2.115588199087093
0.26008940162312605	1.428828425351623
0.1128319213726437	1.818502533300164
0.22488478789987118	1.7890709990780524
0.08379925884127129	2.106863517206455
0.18037159782478793	1.618471733921799
0.18872381913128095	1.3760734556676832
0.32303696443816154	1.534139982771494
0.13687206623525788	1.3784568876917953
0.19297450970245542	1.4122205356072781
0.21591380719268277	1.7947700905953785
0.03206746165654221	2.125172748232168
0.1533057587192899	1.7624775766164793
0.27314753784881507	1.5526497426372756
0.13259541137038475	1.5113413819790236
0.1512525495776785	1.3547592296417172
0.1720052630568821	1.3110376650949114
0.11666218782245925	1.8923951857170889
0.33445816819195934	1.797832848185093
0.17942173979406809	1.4515766831935026
0.24197797701011797	1.3557333854276938
0.2188432614046098	1.6311064621855647
0.22590199675588588	1.513297562999518
0.17986945538380636	1.8334815464226735
0.18292677185782777	1.6040064847704016
0.2361181457806439	1.4401721908915854
0.1641740006955114	1.780163475329114
0.13854360017198	1.9327265120493093
0.29355510824642095	1.66023151515826
0.2812405265567937	1.5745082188308606
0.03506769298824611	2.3458937461554643
0.26048621300185015	1.770370592790248
0.19500548132362533	2.395698651946042
0.2147371232542577	1.760902749577773
0.23511393304209793	1.676923941284246
0.13237344265751136	1.8248372127949433
0.1525703489675327	2.0089418279010505
0.24369646145062873	1.4674755722342652
0.23730529518889892	1.385453755907668
0.14317242973937477	1.9436535636663699
-0.017183087854122994	1.7593475666531104
0.16050967882816014	1.9630179466948265
0.24779744836058412	1.3987388719851084
0.14451612558760923	1.3196626536271479
0.15071949434450488	1.4170401937306887
0.0760713059135715	1.7116271683655622
0.1913898462093586	1.328348268452441
0.16521594298334394	1.4933716666519719
0.2006583279115864	1.5449410051131032
0.24156201963863758	1.7539881883585313
0.2533959396536708	1.612367366091251
0.3923743798841812	1.9180776126978514
0.2707913352535176	1.5746296700947546
0.15306870780281917	1.7789710333374253
0.21446901096523568	1.4332824105699962
0.23968947972565022	1.444294552549059
0.23547390324320414	1.4480409506594418
0.13145011368887027	1.3722987310050414
0.027366608845841637	1.6758978261915194
0.22847784435563195	1.5071646882812777
0.27912981824471506	1.5035715863993928
-0.004612105039030127	1.8928225961875451
0.09914600861719834	1.76054432028777
0.1212848192762191	2.3610651257941324
0.14312869547076382	1.2851539780656998
0.2521203647608539	1.907472436123921
0.05356125286014847	1.6686366940423283
0.2502844690322783	1.4923036647890804
0.07172788488990225	1.965581719423702
0.20579645205633493	1.417959262992604
0.2182698861856473	1.5601436673142082
0.0724188434170054	1.8609130199409103
0.26930366585278426	1.473902675585467
0.19746658082900906	1.3822167469114917
0.24537531234581314	1.4225753004457948
0.22419146991125147	1.4494390808078534
0.0033017461730549596	1.9496281995775704
0.15025554118655116	1.7262962388554608
0.16411746436567295	1.6649160398289709
0.04576070338099106	2.0635586782237483
0.2683562905450752	1.4946368546136533
0.24633033683181674	1.4485423468350003
0.08872524298064514	1.8447163432044726
0.17222796695246034	1.399950306820043
0.25803554601416767	1.4275560991788687
0.22577544001000743	1.4817218030398258
0.15104689189822146	1.7390373310171812
0.17670758576057233	1.5990004532984046
0.23671994276060654	1.518909382243203
-0.013296786344721924	1.9546748546963528
0.2063733477581939	1.8406101939961568
0.18354203903677138	1.3879082914504237
0.08449950728849505	2.2733056311684727
0.0810638464815107	1.5162345548866774
0.17399754176344948	1.4331756657825865
0.20416241805411464	2.2825773010124326
0.2292772494204643	1.5674221483888442
0.1666725798738052	1.4194339412770198
0.19474867539191093	1.455567042849828
0.1462783058301386	1.662468383926303
0.24830271705865745	1.4577030163244762
0.033268527174311384	1.8896702020356344
0.16655922682195579	1.6831309541206005
0.2033982189335668	1.8517397894841552
-0.04371941736311813	2.182283718576002
0.1753367254342397	1.7813920871039615
0.19367047430937878	1.5361146780197728
0.1611646559953735	1.7315476334853075
0.29996021445807036	1.6074906171728405
0.22428639906459458	1.4154391575341008
0.15664341736850607	1.4355594446496172
0.15379565249204857	1.6764344493559205
0.18870438670475928	1.4065600253590012
0.24841045362900502	1.438334207044102
0.27160441005180624	1.4942236036574894
0.10436448631882926	1.8003150537734287
0.1639223266482398	1.7819097235639108
0.2920082021242566	1.8336135083174732
0.24696626989449208	1.5483265700337883
-0.001292828361343765	1.8341821350995193
0.24635927270219893	2.035439013517093
0.246148726728802	1.574209504448231
0.1538207959771914	1.98518369818121
0.10336933707956207	1.469321990774861
0.19824778391988693	1.419702024797392
0.22857803549712039	1.7336916243628309
0.084973967313996	2.477621277196542
-0.01949477901503156	2.28307841731858
0.29936698000289036	1.906274808061753
0.21968561870930117	1.4587844623267654
0.17482155865548174	1.478104305570789
0.18097035054437965	1.8925505789531327
0.0743588576941469	1.6805558404375607
0.18619909282060493	1.5281120339589793
0.14369018940652958	1.375914203452371
0.02067513243785846	2.1460292195238
0.20648429481523806	1.497225805886605
0.24289322382971038	1.4140015373278538
0.20061200281803807	1.6768797698276008
0.12881693354598106	1.5649800516578747
0.23720278766506722	1.5829453510710318
0.031056045391374274	1.8404897464741705
0.18017335440835164	1.4984916703255993
0.20855278789321818	2.2247391947579396
0.13279522951157674	2.0042967744828903
0.09747410994912055	2.0538161257356626
0.235487206058721	1.665972181577953
0.2659904499984561	1.488968685831844
0.272891433048631	1.929128425630963
0.25782927105525105	1.4721718312120207
0.19896440692843262	1.792145157245433
0.23107669840619385	1.4389927463135468
0.19472573662427428	1.4182750732106177
0.24337131264056186	1.4771309729753057
0.16731144201852094	2.0664729890716163
0.19064774271957122	1.4291107984107059
0.16008982657266294	2.0345700850029074
0.10779368926568425	1.8796276701997088
0.15548879693949794	1.7145666576895036
0.2901151576936412	1.590282112305842
0.16892259530928913	1.487732827645385
0.052418592477612144	1.8231075745545249
0.21362912730171146	1.514626106224833
0.12381479077933528	1.2839148121954784
0.12336669913035657	1.466985992470649
0.135266228980496	1.3339428769608552
0.13488329790042675	1.4137500132268324
0.1943260641913879	1.4490077407920139
0.26627246402319416	1.69097702092025
0.12715814993814764	1.9541535067785787
0.19887421558468862	1.5208271280989438
0.02649512783572389	1.8215437737805007
0.1848901389704631	1.5129781929148927
0.16771205501682052	1.92894925504314
0.26189500321962655	1.6094070145912807
0.24195803158063142	1.614748797457537
0.17000444773574894	1.3851337471477088
0.13172472405145216	1.8168590137028042
0.18720768861453987	1.4442114100932946
0.1716124856863484	1.481383370362253
0.16731278769312455	1.6251593937906257
0.17223879839922646	1.3795113101602179
0.1486397018760286	1.6872246188596574
0.1777049891922366	2.121514566365413
0.10478894275155938	1.9772506765275675
0.22735823833986024	1.6363787606720654
0.1679948209922962	1.4173741678086524
0.147731429328634	1.3392022323446906
0.011480992926728942	1.7353050105130117
0.08873272296526329	1.8297194307874016
0.38333923503508494	1.899171295573652
0.1275210633052399	1.8209729980937461
0.22874361505720558	1.4964448662948049
0.15663736739282008	1.8628107879567204
0.1286481892638223	1.3869205404140899
0.17309616239090733	1.4106579029863981
0.2045859033676673	1.7823654676165455
0.26552513282210605	1.5964537632653228
0.06495606301147543	2.0416370759943407
0.15526316169660034	1.3527810695792912
0.21629148859502675	1.4579016605461852
0.17346130974217303	1.7073889614737137
0.08024063280158085	2.408480865531602
0.12810329610596388	1.3107565711283689
0.20187912392195131	1.485220817712607
0.26280321094126763	1.5601146119532843
0.23164274938971785	1.6084043242363855
0.2664753735549013	1.6888473924145073
0.19984597559637532	1.4767313177801045
0.17789075427729537	1.4299378406195131
0.23600857156608535	2.22999552208158
0.3005041769130204	2.0397457696328205
0.2040321573910676	1.5746642658238001
0.16911380939867846	1.7631936723384072
0.260354480994385	1.56673444360091
0.06676602250939853	2.0926619122273045
0.20823558814733747	1.504824040643534
0.1608564823586121	1.380336126029465
0.20046976764121752	1.5180070685433424
0.20511120969572177	1.3913079433178723
0.19434467146784612	1.537960298347157
0.055805593527308336	1.7273162851364867
0.17883035873368514	1.8921790758055075
0.1850224043539993	1.9097889964722126
0.07620796857949487	2.220575741593292
0.1617534730506516	1.4109062462749213
0.14717775884675416	1.4012268015528653
0.20161537494139475	1.4937634811311018
0.13679181335455712	2.0623846164768014
0.1783913751779771	1.5398157459375943
0.17825997798793558	1.4952918950320127
0.2642294832068948	1.8002389524600237
0.09237861401512056	2.054037054653557
0.17568853222248185	1.395233031192315
0.07374932660509494	2.1311082599582747
0.22230789149200936	1.4568630781307526
0.23547053664508816	1.4742538213062137
0.13930697089518207	1.4537039447677493
0.21999116198699858	1.51300485494478
0.18651280621392988	1.7045136558636431
0.19468567900528866	1.5278654000611482
0.06498007797896103	2.125202151832985
0.23037072438018	2.285434437612549
0.19641936242917474	1.6439585335983946
0.06864266130201911	2.1199963347797626
0.05649270414296688	2.602732514200983
0.17716110285211303	1.5453767729331456
0.15432310559581103	2.10470509330095
0.1286010444068719	1.9525076995091333
0.21233595302804292	1.6688312401172665
0.2085722870130464	1.965063058632903
0.16108195666162942	1.813026419769257
0.15718980668626187	1.4317297741254396
0.21161926021969352	1.5539138861326625
0.200949546385484	1.448273938644802
0.2387007037829151	1.7840191200431703
0.2333492705920394	1.4833102500188116
0.11466721508414283	1.7697592174943215
0.10361045060655343	1.8295634244529324
0.07057628106435876	1.9986658451929502
0.04843084969898627	2.008930741492976
0.19591128477074207	1.7823655390637185
0.23646808162622293	1.545169338356283
0.06588846134118664	1.930108709288019
0.15833811205564305	2.085459623475664
0.09665319860574903	2.0500290669292274
0.1887543913220052	1.8585455621545806
0.02651089146520826	2.0516934059998984
0.17449522098289727	1.5829282335646693
0.13282248400171523	1.918193670535798
0.2023586020417121	1.5279251840056465
0.1735734792139434	1.50862196217481
0.17039417501418416	1.7898591409400686
-0.09447350767190991	2.4615217174095325
0.1909340708169297	1.508962565186215
0.1925825125531747	1.7416796052800967
0.22162683367708505	1.489828505981002
0.22143457292316365	1.5472749144061222
0.12345438011324715	1.667717334125015
0.1338430223689745	2.0753419076989443
0.2418016871125175	2.5294455759455876
0.16158063075890167	1.9782745504427433
0.14608915789704335	1.4636216826582167
0.05043943507833438	1.740089983406729
-0.004585034727990608	2.1871532869358936
0.24228138304550856	1.7042290769484307
0.1465078999724692	2.3981597054347485
0.13803035716484235	1.7807500449469535
0.16279052235577413	1.7043289228443892
0.058097413674206	2.0122841761989028
0.15654082187263965	2.316068314604571
-0.043289270955056885	1.121738302574904
0.04336922972686492	1.175495808788406
-6.845455969546179	2.81382760663042
