-0.1540155147827785	0.9885449362895015
-0.2876137931062606	1.0449920181749581
-0.19879431631440803	1.042391270108571
-0.1026022251739976	1.0329562444333968
-0.2734357319370106	1.019701633631255
-0.15809306858280825	1.0657478342390485
-0.278498929764683	1.008884251623477
-0.2936897573614935	1.0492214003780256
-0.16235424677427962	0.9547129940266167
-0.16011243349107007	0.9378790515953007
-0.2825944670108438	1.0589658949220475
-0.19350827684742242	0.9894645037232198
-0.2640290077813475	1.0241397077888648
-0.18384690085976196	1.0112631868238282
-0.26033800828994563	1.0648677542769125
-0.3034917694814504	1.040917862389921
-0.2619616329642948	0.9916673551702172
-0.2702263592882283	0.9729735097401049
-0.2937222170211998	0.9387673028723923
-0.2008075516753754	0.9840451604900021
-0.23858201256044953	1.0313344990039122
-0.28255110127941163	1.012187958437727
-0.3216217794507612	1.0718396167674316
-0.2993794400977812	1.037419583210285
0.07366392654489218	0.9581337566453211
-0.24098152591777725	0.9964401755065979
-0.35923108027300676	1.056463541367234
-0.28190107972942197	1.0363033173695897
-0.31922473435331067	1.000022611563621
-0.3440343477126893	1.0549837734779832
-0.3002085389488386	1.0934641771159415
-0.2949053710008802	1.046193676107746
-0.10717869718571318	0.9226637298169087
-0.26119111987756605	1.0166770077446539
-0.23642330929954555	1.0448536699610393
0.001926619964648854	0.9624674512092514
-0.2800221583142274	1.0419556067737514
-0.27423262667523607	1.0155396381550943
-0.28547601335908307	1.057546937431938
-0.2833482498633402	1.0148746696033328
0.2171800749812847	0.9544119943862823
-0.18456203518129058	1.0455030845887043
-0.040466462640957476	0.9810784332934669
-0.22693770109776987	1.0181621640580856
-0.2718889476496341	0.9796778272444601
-0.2160048815140963	1.0133311925779913
-0.09810143784498572	0.9755120151072154
-0.3102921279124626	1.1077158817297779
-0.2799292093469058	1.1254345385493252
0.35193407960904366	0.898069595042595
-0.08508974020669326	0.993587730987644
1.0352767242023044	0.793658783906205
-0.17288235708648483	1.0190543217994172
-0.18161890190698465	1.007391583392778
-0.2781280214541658	1.0023751962575065
-0.01254320912525446	0.9267358696953145
0.08581748519475953	0.9923400447968245
-0.28087228338001097	0.9979322713974287
-0.10888884414387826	0.991970284134083
0.5658315683735915	0.9109036890426725
-0.25500052178019955	0.9823844514498059
0.5502606990375497	0.8744562759270444
-0.24207887711862672	1.0301080622359682
-0.07056014034597285	0.9883038278653338
0.13265206138513239	0.9305930066798573
-0.25587457568742716	1.0618650944621901
-0.09486142756615197	1.0131827720975681
1.2631183707475429	0.7562994857335538
1.4388382643812514	0.7257233737390338
-0.03978639722258819	0.9507752918983245
-0.23190850946352629	1.0091242179249957
-0.1411902790820113	0.9378321996165611
-0.13445374879496885	0.9962630969218366
0.9335133627603396	0.7880755394095191
-0.06779853033361835	1.0012632036001863
-0.16819121686600966	0.989871294789327
-0.3031877497112325	1.0122346150555521
-0.22890889877008644	1.0753052462203758
1.0066888547044484	0.766470971189145
-0.12375617765246934	0.9823017207766378
-0.24072912999211588	0.9798782518980519
0.3259346904369238	0.8560930407231857
-0.249451000732748	1.0369132787658173
-0.23993064134463343	1.0423277298160865
-0.2516933574368015	1.058286305362434
0.3976883770355248	0.9189708745796726
0.7148319601143662	0.8234685586912851
-0.20896342330205764	1.0826785318770213
-0.140245700317552	1.0079537087767296
0.02744906317666946	0.9295640893216395
0.07748722567802907	1.0112270721567391
0.596734553683757	0.849096889195311
-0.2025916665172905	0.9748372113034528
-0.28677825810287694	1.0349056734085709
-0.31735864779146733	1.0718752288209261
-0.30520592109918315	1.0722896238459163
-0.12742614691895368	0.9816576528536418
-0.19885692960877274	0.989369247361909
-0.21635118638710002	0.9799180070530799
-0.2759998916915411	1.0276917249440205
0.17026728997415713	0.9605717464617989
0.04118527713581825	0.9577327864768737
0.005565882786936482	0.9627948880114463
0.09786765874479941	0.9013791864716703
-0.054809628785768685	0.9277032017006717
-0.2571045970099168	1.0729724496242579
-0.02062561634119455	0.9611102769049124
-0.18506862927071244	1.0313278215704236
-0.1965010912891339	1.0367884942245702
-0.30831303297372337	1.0100622539019686
-0.14016795926871953	0.9531547380446106
-0.2582013770875626	0.9764121417562635
-0.2518327682075776	1.0249042708924516
-0.08482204889656088	0.9395230715033288
-0.2655228880632336	1.0032363100882837
0.5023634306316732	0.870585473154513
-0.13477798208884054	0.9832727824781343
-0.26678907179213884	1.0259506440600281
-0.21964035655576175	1.057968561138554
-0.23776261894903197	1.026663807590952
-0.2616410218639834	1.0209068715883731
-0.252004215450458	1.0224851216327935
-0.2830528862682433	1.0596467676498729
-0.18588133216507893	0.9680304381769028
-0.2666163046171889	1.0618103918324309
-0.20978581993258522	1.0143309894277095
-0.1963777572969265	1.0198932284375015
-0.26121832709126236	1.0280825468161308
-0.277818104007223	1.0481234047782553
0.15361420080114505	0.9128424390706413
-0.2319731150976755	1.0246158220339951
-0.3007309073137512	1.0873662000252593
-0.2741980643269175	1.0092058228331051
-0.20683558916398598	1.055778033967508
-0.20710253235649104	1.0119092259568894
-0.24723203554769455	1.0111512858940612
-0.020391891573564004	0.9021470145057733
-0.18726158302559975	0.9924276328396682
-0.2964020003212997	1.0297365377270695
-0.25589132512891294	1.016830118317359
-0.2839761865690796	1.0260334091612675
-0.3085367452486912	1.0183709918660753
-0.258479198813068	1.0206153951774353
-0.30196571772251923	1.0230522180762667
0.1058086625048406	0.9846936167316689
0.21057302119202642	0.9495874965731729
0.12952506879398606	0.9249790910228863
-0.21318615747544992	1.0236355551310758
-0.27545586997109023	1.0229425343881606
0.19202495704279335	0.9002648157262229
-0.27068911315342803	1.0519427769028316
-0.28652955703320865	0.9819964377793227
-0.027944443832268982	0.9773557838870157
-0.24652540259069675	1.0320423971368031
-0.3322876461813715	1.0537582919734474
-0.19800038733443676	1.0052024182055395
-0.2880724910333923	1.0261032039926905
-0.20904583122435502	1.0674720329148935
-0.2808497134061248	1.0364839046547778
-0.02560875483737265	1.0195270202712967
-0.29202552984907115	1.0235589116256427
-0.29692537134018837	1.0544320392130948
-0.11881643139692254	1.0303881881468289
-0.2589702513623092	1.0333211102710216
-0.26614906005152705	1.007638269651137
-0.14045587690561298	1.004917568255757
-0.333265681290029	1.0376690463912301
-0.0728545944397097	1.0189136850034841
-0.28206911535007484	1.0655422969201398
-0.2118241089428508	0.9865032279635395
-0.24643252802788534	1.0384167487271
-0.27390294388902336	1.0513840805041594
-0.2766242793427932	1.009381739582839
-0.18269384649676515	1.0433210362444192
-0.2942515996522699	1.0292128045161588
-0.28416555721838194	1.0316242666325035
-0.21450186192639278	1.0470167093913065
-0.32478046836773666	1.056971884203234
-0.1222821018318883	1.0258270377967287
-0.30581016401877315	1.0171158550301194
-0.30325016505912655	1.0525676677831057
0.1502981735500613	0.9163320411114328
-0.17705018592661548	0.9976231014344458
0.08173338670707983	0.9121006663383227
-0.30843306396485753	1.0122494123368213
-0.20461794053100144	1.001044337922971
-0.3556795758260932	1.032622040883208
-0.2101644337643678	1.04349818239651
-0.22966952620624478	0.9935164574573626
-0.30016937858383497	1.0410885992665517
-0.22116332938105435	1.0115862759136292
-0.19891829612212142	1.003786812335734
-0.03031001638929697	0.9337022274021346
-0.2192170079068917	1.0937647141963476
-0.3052491805035508	1.0356479609437546
-0.3514580737429112	1.0195611974909293
-0.35797235325266064	1.0621522482338988
-0.23970550296053977	1.0473207169783143
0.2993321582454326	0.8992202330041601
-0.26398579389897747	1.0066069364581218
-0.05209398190097464	0.9284881193071615
0.038580770015640954	0.8982182808352234
0.011928864302054023	0.970728551051773
-0.12180000126438514	0.9747057650175655
-0.2362265371011986	1.0122335483017189
-0.3832142377836	1.021539245081215
-0.2434000284428841	1.0355367858833533
0.0614934387659813	0.9120809880783907
-0.06804145306596511	0.9609338196318089
-0.09997053826115287	0.9949545005260994
0.3889546772052937	0.9109308389467439
-0.25120645707630046	1.0279040901057486
-0.2904532362808414	1.0635897244408612
0.5948491566952391	0.8670139673581998
-0.01462094148048254	1.0004828917936828
-0.2942039001068611	1.0801676758587586
1.8227458024808487	0.6743896862067449
-0.13058342146621693	1.008005074519298
-0.23946993157573584	1.0729755467057926
-0.03601211151064711	1.013172653467685
0.12535109214233942	0.9270135916777146
0.22430367548916166	0.8909398337348162
-0.04177246303222574	0.9678363285886273
0.27235768642404845	0.8814205137393748
-0.2776294439733182	1.0393816561956317
-0.20361470822604683	1.005268988543386
-0.3411333504934404	1.0529682168021153
0.018981018125570452	0.9321495035616696
-0.26238127879085354	1.0388872658534243
0.1465380149370335	0.930404907304032
-0.20680470290086464	1.039962683387591
-0.10783868965862031	0.9686969582661322
-0.22510707085065718	0.9963910106739141
-0.028480405973136766	0.9811863905292949
-0.20930878852888687	0.9891947404482277
0.7051786228714831	0.827959962667465
0.1711934250000223	0.9192860308039157
0.027789927249754813	0.9493284487266906
0.23154272243497992	0.9073688630864446
-0.16958066934445548	1.0663150626070892
-0.25871505171121345	1.0591910110848994
0.44004315425530416	0.8352292171055452
-0.12326021118436728	1.0194031941285018
0.36316117062624115	0.9003643590768868
-0.08835672511172793	0.9748336285026243
-0.12328936029205476	0.9724171128968031
-0.30811618141305497	1.0076421181000563
-0.1318287489071511	1.0277738932715594
-0.3503874905439492	1.0899941771146247
-0.056026020644700934	0.9549547777469686
0.008142485609962054	1.0083495023342761
-0.22736143685962973	1.0075233881519663
0.7696162318278474	0.810150510942485
-0.1792084097770231	1.0309186046035692
0.01993608381485692	0.9501219664282767
0.20505899946617337	0.9549595205550155
-0.11350337231679565	0.973254814339491
-0.21153931144349733	1.0360767584456976
-0.2557916189566032	1.042914253270508
-0.21712470587580326	1.0451300262054328
0.60069253932447	0.8382260018454626
0.07674600838813396	0.904598792445206
-0.21281683582129668	1.0164085057568049
0.012402208279234663	0.9535095584980862
0.26619712509185284	0.9151674562249694
-0.24838546162991348	1.0324163944271993
0.2667098851282977	0.8792516567464861
0.3245828856013926	0.8671275696180811
-0.1229357953490131	1.0097840182663567
-0.15970652740177446	1.0112595174820111
0.3312222756432691	0.8504673233456035
0.8000995564365267	0.8073031028367843
-0.20818035094473053	1.067371073182521
-0.2421004309599078	1.0163148587481525
-0.22676455823099367	1.0342664966953081
1.0305665452724149	0.7776869854157465
0.3814987276454483	0.8320997166969253
-0.2991690417408029	0.987876357014187
-0.28029259747923846	1.04353194310168
0.1396137861436222	0.9057506286069898
0.6770034571671479	0.8180104604570537
0.7152723808057233	0.8169371416794529
1.314888430932018	0.7502528912544645
-0.2539884552576453	1.0475053542747768
1.5911122426059656	0.7233587821098636
0.5688092004800436	0.841092224631898
1.1976621669930012	0.8181121729256827
0.6936533684843503	0.8309869677557897
0.04746341149111027	0.9383021082692679
-0.20925549583944708	1.0422134504892933
-0.22238567651331057	1.0386752722351376
0.6643506363112972	0.8062901137787415
0.5846669142555027	0.8318546238306733
-0.2250654188362344	1.0357363172561884
-0.254827145149581	1.0280904306041778
-0.11072649759245767	0.9977370769700815
0.20919552372479427	0.9736446520492934
-0.11562348418748311	0.9771585610029146
-0.2330382177529953	1.0253836983740197
-0.2520442848049882	1.0333064168862707
-0.30479499189061005	1.03030970706432
-0.010077154756445227	0.9503683894742473
0.06788296627107922	0.9447849455295935
0.8639180134998554	0.8138422638684011
0.35309856304895265	0.9227093716637766
-0.25964975432445303	1.0466417395174543
0.018714891560842856	0.9496788876513023
-0.10424519187508845	1.0430011505498848
-0.25802717983527246	1.0668959237865203
1.1615126850095943	0.7802064220797135
-0.06869673670841274	0.9761567176823093
1.5434230717111905	0.716793699101383
1.1750086242456326	0.786458671381385
0.021118299077553266	0.9248796870275429
0.524780402328387	0.8843802643111044
-0.2573021350681677	1.0458129352425294
0.6640159518344279	0.8316742102919612
0.7674360570181131	0.7947369200520711
0.07604185046175839	0.9698136815809497
-0.3761145380945758	1.0523800770739953
-0.08826041532269452	0.9726744016015767
-0.19647139191587182	1.017711306722408
-0.08188964596081287	0.9179916984940152
0.07354676320268055	0.965664310239117
-0.23558510621423032	1.0102689986112754
-0.28346943639092165	1.0709293778234392
-0.02762824852695909	0.9804659802242727
-0.3466911616239532	0.9948267216267691
-0.15960131588780452	0.977487862748135
-0.05135159788383604	1.0035983700591122
-0.19066540588033704	1.017816423248172
-0.3323025167753118	1.0525331887171618
-0.10767496187912408	0.9422691003454803
-0.28896196863288703	0.9792941963523202
-0.18418005042064914	1.0404620942680836
-0.11458681211626481	0.9891205170984706
0.7405674432558716	0.8400754333957594
0.13367523791591684	0.9361299000473757
-0.22116277243928884	1.0557755636470736
-0.18681540008172404	1.005343654452071
-0.13206609973811545	0.9538077518221867
0.663873660134791	0.791996441665421
-0.3468367932477685	1.003935530035693
0.00464237751079691	0.9475413871410303
-0.2628449904932239	1.0609382515769792
0.01591146694339693	0.9888606576166546
0.014896486655710124	0.9375726871553173
0.07084894990175042	0.9389211208093953
0.4242814400364243	0.8435310488146077
0.44025388963831774	0.8706645545177328
-0.2747499900799791	1.0368754866388776
0.16919500495169984	0.9111595296864575
-0.22908633685859642	1.0122901460062061
-0.11566403418789145	1.017830246344995
-0.14601509890771042	1.000545047845727
0.12160375560174905	0.9149684381589187
-0.23675426354038093	0.9918856117644089
0.10560719999685503	0.9514181533132101
0.6411026541666127	0.8314507623504799
-0.21184068221289912	1.0022587540829961
-0.31244758211101403	1.1046878268564564
0.4137507493655006	0.856967254227456
-0.22001124815712364	1.016764393745928
0.23556626390736204	0.9292943449338705
-0.07683305532180802	1.0203961948995122
1.162500725123568	0.7582754929255092
-0.1559371171019512	1.0490641599716992
-0.26264761308287576	1.0286596861226447
0.19092054103750805	0.917812096857872
-0.32773124510561413	1.0095929120223013
0.12323280843064797	0.9229951976991613
0.10865528446485306	0.9218988409745883
-0.2628989811685116	1.033132126235097
0.48205311129117107	0.858116217950317
-0.07167262851155684	0.9773645999932674
-0.15885522988708548	0.9475297382526189
-0.19860967878151847	1.0002285472134824
-0.12212411308799871	1.016593789839975
-0.32297547378835956	0.9908395499341925
-0.3389997042945404	1.034693690760327
0.6664304725313707	0.8153993641543045
-0.3207877888582826	1.0019712955180258
0.09067032978756741	0.9108892348412608
0.19625739830929273	0.9631112175036036
-0.17124364368767428	0.9752900406164668
-0.26909287442655455	1.0416459749102163
-0.12737928540356577	0.9354625904345987
0.26803604308171886	0.940693504981466
-0.03132631956792492	0.9577955879636925
-0.11861665121376805	1.0240281049054694
0.21470125262196496	0.9360546135847811
-0.22665537410908523	1.0240441262695157
0.16610145052486758	0.9442967528873487
-0.2332106190497582	1.0140593109941245
-0.09587456086726923	1.0048738446389054
-0.15148636798769088	0.9553744700066387
-0.2121877534486096	1.0255657918849332
-0.2540225024600573	1.00956547226807
-0.26854509952042305	1.0443456988410527
0.07107550034446482	0.935270205823321
1.385883055408403	0.7183885691737417
0.11082528169817825	0.9548674991931068
-0.11038460732614724	0.9677944282189005
-0.06728271100367136	0.9942137985385087
-0.00804103715282715	1.03008884841254
0.7075713735953646	0.8521738840442874
0.36552837628280854	0.8940313634932787
0.32566168816514457	0.9051999821413781
-0.21773636788080392	1.0797780623067754
-0.2997699733314344	1.0531516297039485
0.6639074452665418	0.8323417920823963
0.002850868283365964	0.9836162672083374
0.22296201894525194	0.9385015936656566
-0.27170734938514973	1.0041032698344803
0.604567541903494	0.8544579980896808
1.0032282250380797	0.7723943933142062
-0.1389857125278263	1.0076262307405324
0.3697573966167301	0.8495047934416269
-0.032569097562797675	0.9710473519752486
0.5050784109601281	0.8716075448495283
-0.10305315402383486	1.0172483719274068
-0.14720513722311449	0.9476400568272546
0.39274742161080356	0.8610900247719369
-0.19810778463477724	1.0086028730430094
-0.3047043854443974	0.9970597950925266
0.43226562167890753	0.8583510153515448
0.0956491436279586	0.9285132428013189
-0.18093965278305624	1.041694886750152
0.027884553583337142	0.9596408988649716
0.6240728543973513	0.8282883958973789
0.39018739599436675	0.8761492956615923
0.45677703024374594	0.8705036922415714
-0.2700101727667154	1.0255750504647199
1.0080976320477804	0.7901632214470518
0.20161167482492445	0.9577657482724486
1.0682484533790801	0.7748382195965844
0.27779874695980444	0.8568977590426945
-0.36366594657739487	1.013285212683929
0.42393266047267947	0.8405053738036404
0.6706715476079677	0.8273399424217448
0.12982324212159652	0.8937458740274755
-0.3043248927231815	1.003580300348863
-0.2179632675874342	1.0447626726027124
0.7840950169452906	0.8094961803220156
1.3587923600277219	0.7722498054522267
0.3423494975963669	0.9320165751381899
0.43624273787275325	0.8722665305560761
0.38211544726858054	0.8213410603746267
-0.2390018309111737	1.0590265208283587
0.6595216328138607	0.8590287741713865
0.03554385954965391	0.9359645889926478
0.2539925378183402	0.959627915144281
-0.27794853231342986	1.0341536216604368
-0.3725064635783919	1.0088566982731613
0.04893108291333416	0.9286486147066373
0.359379281496195	0.890356243831185
-0.291965973339458	1.0592538172093633
-0.25732151444991325	1.0114360796505522
0.824784518363666	0.8260633881296258
-0.002142265369895439	1.0273102777503134
-0.2795109185691402	0.9813403538290126
0.8379569445579895	0.8116874763730637
0.5425136408588633	0.8171408752510828
-0.3178128041521816	1.009884636336219
0.385693250611563	0.9156101259943531
-0.08281272894257047	0.9983496955220355
-0.2679850996262146	1.0173504692700757
-0.2908713435165766	1.0822868075140128
-0.11508667530254521	0.9934957856881654
0.19007936600313233	0.948543382068722
0.006141541345907422	0.9856394044236355
-0.30528502757965087	0.9887701653767148
0.436229778144044	0.8399321203177816
-0.22456316490662082	1.0068866686327114
0.0011630637551429202	0.9626001221168557
0.3405023845349593	0.8909723255247292
-0.22218677283526275	1.0257826822623959
-0.27217596203284694	1.0577523804448616
0.38892712701502496	0.8719752546256903
-0.23548691983193326	1.0366257732282873
0.3668961561645948	0.9014204177695889
-0.3617406650606249	1.051678703490434
0.12671734532351323	0.9197174980996943
-0.08836191773052765	1.0437804117049059
-0.014893571362096557	0.9297582753976458
-0.2510270688360983	0.949641461963932
-0.1357300197838759	0.9880745666617448
-0.1965188199803029	1.0522552274395212
-0.2536317133283955	1.0279791490202577
-0.3531183760469758	1.0255411921449618
0.27246723999130873	0.8897453556029041
-0.3355975864655556	1.0339099641568759
-0.07956161639034184	1.0052792933340609
0.031433459341493275	0.9374679398445067
-0.2640804937309807	1.0187706148731037
-0.32921592485494383	0.9749396259999076
-0.2872138074250097	1.0944944473222749
0.007875143745551486	0.9987001193027878
-0.2281047827189303	1.0042238179975018
-0.17863204593060386	0.9892042011677143
-0.18114390090395557	0.9920950351092115
-0.290832730063424	0.9755187741642262
-0.028234858581992657	0.951221319580938
-0.15974035841765685	1.0020587516959953
-0.2950786961506877	1.0604363590501973
-0.06000292117363523	0.9837254129017837
-0.2802633573327036	1.064879982356314
-0.19439302423792792	0.9784990475642693
-0.28843618731420034	1.0764264856687131
0.6293832596266224	0.8948755970255061
-0.23729723555706403	1.0295766555628763
0.27536998165944004	0.9259664679597935
-0.20764259984336558	1.0427329007167243
-0.1027022645302979	0.9759996969176101
0.20027091294804839	0.937936528304814
-0.1967408280098306	0.9951188049999579
-0.21597772021269934	1.0643597567740162
-0.34215249933567116	1.0012805609495297
-0.2023247314097862	1.04282251324955
0.07494544206058028	0.9462719329758759
-0.07107764941058693	0.9587786139255414
-0.22649087445990085	1.0133211143281278
-0.2573865730669318	0.9962326700105224
-0.1898000956388251	0.9878651496274663
0.5574162415917442	0.8504632779663461
-0.29281911337070565	1.0774357427889152
-0.259935109939866	1.0241065038880388
-0.019778176250724352	0.956545010598132
-0.22587111162008383	1.1171599893489952
0.2389745506412006	0.8961355613540372
-0.25399907550558914	1.0240235536843671
-0.2515580430804095	1.0368731326736127
-0.19528061720553863	1.0000100909797325
-0.14166516697757606	0.9964614452644512
-0.3147845309902455	0.9973160423380669
-0.1755514790546727	0.9920670013234232
0.6214206524085452	0.8123746664786788
-0.2863784691383859	0.9769790658654732
-0.11263446395871653	0.9722771683151004
-0.012108334173959484	0.975386327093541
-0.241691738127957	1.0468821135760125
-0.13495460753423788	1.0331656385362213
0.03274395866390887	0.931907093248465
-0.17046910103370982	1.0179234010318736
-0.08751999731443545	0.9432200412872221
-0.21958806416109825	1.0257991458046027
0.0979947467742284	1.0015600666867561
-0.1442740714053628	0.998299625590227
-0.05440459842051883	1.0150849694194186
-0.20278634911291935	0.9964534761828517
-0.1045112509525922	1.0059919781920694
0.13409104227341187	0.9263232447132619
-0.3343416925526127	1.058104456961208
-0.1134919069348206	0.9341560443434505
-0.10078769946492644	0.9848454166394706
-0.3514256516058105	1.056164305459073
-0.2729454749110698	1.0755566927415352
-0.27829792611951015	1.069398691210137
0.10060638751564768	0.9200882651694
0.15093570346931479	0.8964238065566551
-0.11682703160497493	0.9896253174612998
-0.2876672748244259	1.039647938515926
-0.26958228935403306	1.023184285447947
-0.04917229168607175	0.9819974845300083
-0.28172278508059684	0.9751280737915615
-0.35053650752937127	1.0214223263353086
-0.10630163783429344	0.9783475444283313
-0.33906040419243316	1.0266467202976584
0.05673286001345893	0.9469347103037155
-0.22073297546120202	1.0013681343349872
-0.2854317238974429	1.0100066926896025
-0.2668132998986853	0.9877632609499967
-0.2175529571786265	1.007325768113512
-0.2658648122517655	1.009966956215005
-0.3200639913287891	1.0329867023077697
-0.2507220693660506	1.0381321357941902
-0.24642594181431474	0.9983197436510676
-0.2496150147058772	0.9912263460696074
-0.2492007230323608	1.0591789061639854
-0.17458229233018746	0.98370382469215
-0.26336364903550574	1.0422299330141065
-0.32412560586797257	1.028427343924167
-0.04744306653347082	1.0013015867639157
-0.15982483023176422	0.995341460287572
-0.12558958414261415	0.9995963600112666
-0.20449381114766127	1.0056263800639778
0.17362827535897637	0.912691171080986
-0.21427725597567585	0.9868683802928194
-0.18438577094232186	0.9706368058571919
-0.31683712417198473	1.001786060031868
0.26743497607485583	0.9207393200091916
0.048568145638698185	0.9598899894003045
-0.03936247369009605	0.9445972724749665
0.013442499915772375	0.9758450824868636
0.013589355858410599	0.9514733550623751
-0.06644967692503553	0.9836479646821332
0.3004396334662809	0.9485056982069179
-0.293754713377969	1.0395675936069129
0.06905674479004703	0.9767854467426428
-0.23323595546871767	1.000250676422034
-0.17899214930446122	1.031288867832242
0.11238879683421546	0.9896191622127445
-0.25842170618165033	1.059567559062369
-0.34169161483628036	1.0810758724413685
-0.1227229991732306	1.037236418818818
0.36635360763385644	0.8542640577278573
-0.27085673843024505	1.023838201898936
-0.09563075950503308	0.9492357886420015
0.36021472243617875	0.8905853142045002
-0.051585906944141294	0.9360826476229805
-0.33211325680575615	1.072109237324805
-0.3408379208481372	1.0466155580577798
-0.153578049682063	0.9915333515905176
0.5614219489253174	0.8479246243941719
-0.2960962651270751	1.0034820281992791
-0.24670125570951404	1.020559798148019
0.5488342624377384	0.8274091945907526
0.8120491952872889	0.8546895304947971
-0.2637351887001566	0.9924110878742438
0.03621684499860698	0.9384715297720679
0.06312034381243806	0.9900666469980415
-0.11559389226899212	0.9787309662900655
-0.23807867749148737	1.0261640198991573
-0.03174245906638583	0.9387145552791158
0.2473001082397565	0.9426236961213298
0.2210940673915369	0.9094575723563766
-0.3065340388862219	1.022959206223024
-0.19233274313446194	1.0558507898486849
0.5280227305900739	0.8524642779402405
-0.038853987964373275	0.9693497214379053
-0.1489851946481123	1.0058819298748196
0.006672851058643198	0.9594122951555104
0.3945293578415324	0.8660780511055892
-0.3295125197572184	1.0265306891542336
-0.34406824428567195	1.0481306145639944
-0.14044513695491	1.020286430812941
-0.24819596279180697	1.0214529042792064
-0.2272830079638238	0.9942767204938029
-0.26040200129039004	1.0030323755525126
-0.3302089682748629	1.051936641748966
0.652880721192385	0.8166273473117209
0.03730497248408911	0.9582185236694537
0.2844098335977567	0.9065358126055882
-0.30261722566857346	1.045455477192905
0.02503689736614206	0.9331176456683868
0.5481552986789978	0.8903188842380755
0.3410402354042052	0.8847821565776117
-0.11666329098487113	0.9696482209311212
0.7287690385326722	0.8034478766845208
-0.23867145104037726	1.023147004165601
-0.21421435166188246	1.0026416740179152
0.6931170013760032	0.8133714018693226
0.32630240587276715	0.8803397529048079
0.07046802321066334	0.9668399721785289
0.01692537311655839	0.9176811945020813
0.26220391003969146	0.8808936746767936
-0.16118266539072082	1.027608681871971
-0.07906855191964	0.9342579678083548
-0.1797936849887696	0.9463382146564436
0.25667925194961905	0.8669503214998255
-0.1922241771213563	1.0757286474784915
-0.271969668412565	0.980624871802984
0.1257302233410391	0.8929166901978948
-0.12225159150982959	1.0454276654688366
0.6858589512464797	0.8666513782950882
-0.13869665406069198	1.0342356696372563
-0.24821591513764268	1.0495845587777597
0.20361399849054965	0.9059050284466499
0.009428289147257136	1.0092147077363036
-0.02970555112331176	1.0077940929682463
0.424256481592048	0.8512495942298635
0.558804734185911	0.8893035781444836
0.06771555560739248	0.98264063846838
-0.04663546638215554	0.953501860267289
0.009108909775117177	0.9369593610519735
0.04236089619594221	0.9880293502743606
-0.2603601268802315	1.04709206768619
-0.30273610632558906	1.0188407441788725
-0.2313826885872192	1.0285009515946875
-0.03276499022992838	0.9436592151646193
-0.3770423822456864	1.040492183845588
-0.20373817706275962	1.0147249387296158
-0.23117749686586847	1.057634011502592
-0.03613506440387383	0.9418952553701399
-0.3224098791527702	1.0486279491655948
-0.27569636548977455	1.0490822174474688
-0.2835384328488359	1.0260258072874342
-0.35304804491084923	0.998454248960032
0.040331849694098545	0.9896264458761895
-0.33300094505926336	1.016665179579545
0.155745069608421	0.9342673931954808
-0.20464347140587535	0.9714344291856454
-0.268082449465609	1.0134840117717117
-0.2169093305285818	1.0376532474860807
-0.2484653456094146	1.044547762707798
0.29443266513546285	0.9201570001488072
-0.0410432316405228	0.9778168610976302
-0.09100314710352275	0.9446432973632053
0.9527143940650498	0.8341498197213233
-0.3158802037793902	1.0025800960956162
-0.1498043084660242	0.9713046160273299
-0.28475061962118653	1.013313153501333
0.146257408475452	1.0100661085027112
0.011987676825057457	0.9444991025568206
-0.19577679081492938	1.0472986806360445
-0.28368904575077486	1.0493713111015806
-0.3083077273791025	1.0242555744685569
-0.30828990508256854	1.0555098105820944
-0.12662196628898684	0.9588687343664692
-0.14064985190965648	1.0052978034732316
-0.23464178301140143	0.9967855967574567
-0.25290989356625204	1.0101487430833027
-0.255925519279208	1.032680527625201
-0.004792240294550712	0.9567782710943509
0.1645725333698756	0.916683535186852
-0.31037804231591803	1.0089112838152074
-0.0062149873608688035	0.9764542488572864
-0.40819002361559914	1.0195962385215924
-0.1545794111196871	1.0268546414789603
-0.2054128601732376	1.0552989929282661
-0.2039497225715211	1.0333650500717404
-0.2673136875664102	0.9778733081934821
-0.23090920830964423	1.0224910624824268
-0.1943724019546126	1.0386391861427722
-0.32526041606323497	0.9851999406142047
-0.09389167360212232	0.9890141027988039
-0.32016696331383904	1.0220170971065394
-0.031123738601119243	0.9378795930739461
-0.007010221748927903	0.9376156280804627
-0.043313287292569225	1.0141630749162005
-0.04754348461029724	1.0043382522423365
0.007379233202619456	0.9747126980407824
0.08036295527753834	0.9695561185513315
-0.29758755803105014	1.0286261643179881
0.41811530443721406	0.9043242299808552
-0.22416819736843435	1.0750932500501356
0.7315213833713593	0.8514794842495652
-0.2574684168275713	1.0742252048040433
0.16598815205411532	0.8891584283086634
0.09301896639207276	0.9864510532543375
-0.01164977033227035	0.9234261648179888
-0.26900628851714153	1.0097892198870912
-0.19404781772009658	0.9814940444241945
0.27417377246008273	0.9084829226027857
0.6292217965294925	0.8248039885960421
-0.20222316150893704	1.0047292922534257
0.775879547273769	0.8330834095618198
-0.09923351078102244	0.9903300952185999
-0.20844581844506094	1.0514087927340925
0.1868729213461227	0.9297673781920068
-0.16655154913647727	0.9822110236223627
-0.28783812805246434	1.0584492707455684
-0.27500483713114016	1.022613987883207
0.018564604609677394	0.943189688243291
-0.21138104624977844	1.058413415733536
-0.2891828257893149	1.0063027919642613
-0.24504047876665977	1.0640585026355895
-0.31536478820330777	1.0378326508999471
-0.1712086155628341	1.0027420535708698
0.07197424024624247	0.9638379684150311
-0.21369404173094345	1.0414254579055733
-0.12732599256421126	1.0068178322803025
0.023326646152791182	0.9186523231797142
-0.3020616158937752	1.0347474031219794
0.31029477589246446	0.8812706029225323
-0.19610300535454037	1.0649556465295682
-0.3529640056577382	1.0710326757657662
-0.22384728629029538	1.013758192213765
0.0027630211643973374	0.9526059073225455
0.39123978253248126	0.9258189132712809
0.8006275702200374	0.8316438633460811
0.18019896649310016	0.9140830336070396
0.5872902195993676	0.8436528529138969
-0.2530805603139086	0.9825572768161186
0.6024970932436052	0.9141823080444118
-0.07184345476806483	0.9560032517790716
-0.2924019543387749	1.0253876855034807
-0.2416183033916109	1.0615971556342003
0.844483641955482	0.7772128401885536
-0.24367747111645993	1.048886652662566
-0.19351588983512322	1.0935455310935969
-0.19299431548554669	1.009549725138785
-0.25755074782579285	1.0037179243099592
0.5599505185889951	0.8502787743843451
-0.19879558272537223	1.0006273027683272
0.5319010606146625	0.854076943555097
-0.0726924579915446	1.0177599291323842
-0.3267764667438583	1.0232137525053004
-0.10141394407850342	0.9882182851257773
-0.1989800172779097	1.0197656587478166
0.05598965172079721	0.9557229098828106
-0.23305745200514233	0.9895284944084656
-0.23874899181295373	1.00592317409223
0.4290817711481754	0.8867467270393586
-0.06926410036000806	1.0615696272594124
-0.18991565296481425	1.031467104575013
-0.16530421472300816	1.0263196588044445
0.5332929796788114	0.860780485536198
-0.2897479067713139	1.0358785528901588
0.008581740669557643	0.9022450780135722
-0.3095682064155053	1.0077710284907764
0.37480617966567903	0.8899071016884748
-0.13902673442041982	1.0065832678675288
0.18593403440246412	0.9347985470016609
-0.22050789054251432	1.0713930617411236
0.01963754194651693	0.9491549597643132
-0.12215646102350598	0.9462918010102093
0.3888593087068302	0.9031943721573332
-0.13322543518107385	0.9969412307998986
-0.009461512773660911	0.978397032926516
0.09074943510304595	0.9227201348841014
-0.31919341817615166	1.0244992863906794
0.5115284150689219	0.8572913748452099
-0.1750401735931516	1.0217731962257537
-0.2763518527569338	1.0125397840745127
-0.3555211115195977	1.043190971228235
-0.3755415065460954	1.061667057604382
-0.3599129534363932	1.0350345663917522
-0.2338736088292347	1.0035194049835992
-0.28493474141415026	1.0195596381452146
-0.28769008479591857	1.036330430499988
-0.2212630131247674	1.0659471967442036
-0.16493948925512356	0.9605732873609751
-0.2252637706514022	0.9922474800004021
-0.21563347010351844	1.051731991161532
-0.31544857982515295	1.0027587986334898
-0.1845248408991531	1.0474916474897735
-0.25352756902172896	1.0389465003589708
-0.29930706889576736	1.0417572095121899
-0.058707228781986746	0.9710764293434211
-0.19719571817909784	0.995526314369475
-0.2047361001224855	0.9856435376741852
0.1427567334063783	0.9378746883950488
-0.2718756095901278	1.0257084394113176
-0.2764629074311008	1.0543502441945773
-0.31628059936693287	1.0235194339714455
-0.08603898840318742	1.0053561376654507
-0.29746088585517294	1.019372051907564
-0.3077324104877588	1.0908280366241045
-0.07582625758118461	1.007768494325944
-0.1827544754256745	1.0432991640604545
-0.3329216325367557	1.0253068144131943
-0.20010102273463945	0.9859568153800807
-0.1571505865932741	0.9828542459666165
-0.1896657261439193	1.031917209912064
-0.291728647231924	0.9950782841849555
-0.23292753381169068	1.047578869998594
-0.3309177387892147	1.0089697774699733
-0.2744839532563768	1.034557430692456
-0.2782773085676472	1.023636760861587
-0.20216381395661054	1.0080981644701668
-0.09346286793934704	0.9758732263396356
-0.16949774626119507	0.9831936352169831
-0.4040817037812518	1.0946135346288768
-0.11097376025833999	0.9467705424146944
-0.21896187977949075	0.986687307281712
-0.1919280045001515	1.006337799436444
-0.284285944854272	1.0252955331648144
-0.014030114119853486	0.980204999024953
-0.2544158904637999	1.047828437462742
-0.19861120864523332	1.0235193520970272
-0.17236003303820482	0.991820800115095
0.27363030759341833	0.9381965230449859
-0.0014941726490746404	0.9604915534668691
-0.13278818435720086	0.9616304987609409
-0.21581132112537646	1.0041520196201776
-0.11876169237748471	0.9872774245453212
-0.21007936934654625	1.009798330034198
-0.2253545716526779	1.0024315964462076
-0.19133880035388823	1.0390569679751147
-0.2822135605874987	1.0099532608143418
-0.27512394576231425	1.020134666465282
-0.15010356519743584	1.0107005889626868
-0.20960796323905495	0.9584313603450716
0.08029472199731401	0.9157088565353215
-0.17089131805542443	0.9577070487032863
-0.23791441416205944	0.9493113610175088
-0.10340416295446828	0.9263638372907868
-0.28065219068439007	1.0179836562838107
-0.29051884495740665	1.0630249996835175
-0.08786718378274222	0.9678410995603506
0.3276428096296461	0.9132186459030052
-0.28453725113511036	1.041799322671756
-0.19431556901407984	1.0496820535383187
-0.18958593353366954	1.0208810828757438
-0.23650502301745435	0.9747326511548169
0.08263247943895731	0.9598592137021974
-0.29923956184455597	0.9904489234348616
-0.30937881797910766	1.0037108565535329
-0.2652115760686609	1.014440399922225
-0.16248191844940113	0.9994129487141322
-0.22956016512998292	1.0059301692559472
-0.2776638507768392	1.003676239189301
-0.2537083002298775	0.999895494753867
-0.22732765779558975	0.9671311312181865
-0.24503109193249664	0.9961596462899746
-0.34218739842113255	1.0298210803499122
0.021850719142213853	0.9581779360835855
0.026778371407028507	0.944196017549709
-0.16539908038323287	0.9861524660650358
-0.3158832394003407	1.0267846557383065
-0.1879865380679411	0.9834039414122538
-0.14045863737600747	1.0396101279966359
0.07874399809436902	0.9072370563441748
-0.14186509928140206	0.9843205727856787
0.35400929633487	0.8918500259833496
0.3116258753117485	0.8740626451446565
-0.23873448137725306	0.9290423147127366
-0.08906466316967879	1.0030431554991315
-0.1758404377190046	0.9935602322695136
-0.2570035259129271	1.0406921499068258
-0.11634306623441422	0.9308330658204994
0.2888505024629309	0.9737028397721416
-0.27534831672623916	1.0370916959964531
0.29988051609998134	0.9328628116259976
-0.09461630274411562	0.9623530320842564
-0.2568797823874708	1.0407108312459141
0.895941063102271	0.786060591592631
-0.14216671550267013	1.03517682185187
-0.265846751899318	1.02219433010556
0.10158050512612156	0.9359832912251986
0.12185006548218764	0.9855208377773457
-0.25742263430926826	0.98958264336386
-0.06317263830752454	1.0368845237969686
0.44239122419448934	0.8767392624719924
-0.1386611705930036	0.992683784509669
0.019407316480738436	0.9642846548741377
-0.2734211988519814	1.0298256241089596
0.05361250183090949	0.9676220946534112
0.5926720115663245	0.8730410240207991
0.1205337577756052	0.926523210282256
-0.1705626890425078	0.9914074920147261
-0.17373009091004069	0.9763581273508177
0.24969733891747317	0.9102268152563595
-0.2415187040887236	1.0819693594088273
-0.09674259827866986	0.9565901820434702
-0.18309805740893553	1.0658025535071936
-0.25190469894627426	1.053639338601291
-0.2390154599995253	1.0077747484560844
0.08788107319408757	0.9483277260674858
-0.051098383931235315	0.9906342740943553
-0.2766208792459883	1.0281406745762451
-0.3178211698802853	1.100628082351068
0.2624720182699791	0.9247636777740244
-0.32303710831565047	1.086802667696689
-0.2085986378690512	1.0290261249426251
-0.252631983975408	1.0171526243222666
-0.15765516920102074	0.953071301797327
-0.19759797819893618	1.0594911811591836
-0.2924244373064643	1.075901185660787
0.08022757976836388	0.927090030380582
0.19423351299297226	0.9862733822923258
-0.27372577711750107	1.0311194673774664
0.10401971498935922	0.9539960752090282
0.4550954199255819	0.8483946050755089
-0.01573282332267501	1.0104104806267777
-0.1877062250513386	1.0452390478030233
-0.22142573574554178	1.068713831374637
-0.18620097866334004	1.0079875683492978
-0.2821781667601487	1.0412231502790992
-0.16985052300432665	1.0958423492673528
-0.07072151740573547	0.9435272827377026
-0.018462226187450304	0.9618726719915189
-0.29359151595062605	1.037249625902567
-0.3080048042706657	1.0114895390341307
-0.11926093287328292	1.0318101065410437
-0.2737190881958667	1.005733169859161
-0.29275604746499084	1.0595793515383827
0.1583192622408227	0.9042999340641156
-0.24035997666489867	1.0100844338237096
-0.24038365208605425	1.039261962468726
-0.1924639311924943	1.0274246706604115
-0.10193053795920151	0.9870122366275431
-0.23962986132106745	1.019005806054253
-0.30860125430074425	0.9927869825910239
0.023599956965794505	0.9524243933516772
-0.1761039012642266	1.0233333029453437
0.2233070717022138	0.9219505028794526
-0.2758704282658523	1.049975042426749
0.09986338416728448	0.9902653398486227
-0.2415339041864938	1.0308150553806419
-0.06046071419786917	0.9604256526272783
-0.2558622807810918	1.0045291900414737
-0.2779518492574148	0.9831882015805404
-0.16840017601137672	1.0082745464288885
-0.2638997590785481	1.0201267919801311
-0.3221182302731191	1.0430369830148796
0.20532578034296528	0.9420039334969462
-0.28237303508799205	1.0066124365324258
-0.04059061182903894	0.9819071492593787
-0.22407620803938721	0.9847648664833619
0.1547510673342605	0.9294671970515118
-0.23539558301077756	0.9993902201575116
-0.3274855764138699	0.9903680034104014
-0.24701085619007856	0.9783660037581946
-0.28245287270536446	1.0080284499385814
-0.014160098575571814	0.9495342867901861
-0.21002820847553968	0.9986859736248003
-0.28498747934415314	1.0644509375744604
-0.24326714042316736	1.0977712648176632
-0.1569971594852263	0.9825007794776792
-0.29788243265891434	1.0156951770516507
-0.3037874828348292	1.0136321259459544
-0.22055306880681053	1.0253338539794348
-0.22722856103975836	1.0297339740240623
-0.31822546402714963	1.040783722933227
-0.20947522010663772	1.0473881399954754
-0.3076814706205962	0.9802041672487802
0.2913157456532717	0.8746768632084718
-0.19868860445801678	0.9876084593356922
0.747241734767052	0.7976589519385571
0.046921890217078495	0.9581746531701851
-0.1755344970997951	0.990983657904853
-0.16089567489848228	0.9950903540016418
0.17837741000227542	0.9575367538941699
-0.0735423157837029	0.9369043631655868
-0.17492624938775306	1.0287641238337382
-0.33815011754428437	0.996449876646699
0.3900065746913912	0.8887264329989262
-0.18813690623851	1.059980041850074
-0.005732350424987976	0.9430528262270909
-0.2515832477489927	1.018113567364055
-0.15767239286518647	0.9598300534105282
0.32479825626175723	0.881582644129361
-0.31923993563341474	1.038452662699302
-0.2373125426285508	0.9765871781630864
-0.17462874003203552	0.9850449295277978
-0.2633948641918701	1.0320200432338107
-0.33819663077335	1.0833767658832212
-0.30611161419899385	1.0399694517165115
-0.22344024546788144	1.0261808072978273
0.11565867860142612	0.9431868030193824
0.7024371134153494	0.8227541306211099
-0.08495569607958418	0.9773923448058961
0.29393612827412396	0.9332324704201594
-0.2631722388948264	1.0056713027926487
-0.08342208902737486	0.9437408889927331
-0.20067481120909025	1.0641720800685548
-0.3407476384510452	1.0198650699921545
-0.19311564233368408	0.985839134309463
0.6357839545420868	0.8798939752335229
-0.265010049651729	1.022597902703517
-0.19277968029253015	1.0263528233037473
-0.28100642951447075	1.025058454740998
-0.2890084285542065	1.073443311095737
0.10629162307421731	0.9687839256445182
-0.0764717002901544	1.0239642792214054
0.12124691218986407	0.9354313554491602
0.20250473140119088	0.9437383003544342
-0.22710803986226386	1.0061300473624364
-0.327523802011144	1.0764219949406897
0.281205870186171	0.8732887440873907
-0.319315269961547	1.018184997678083
-0.03611175801059631	1.0140318275577551
0.5256530167066346	0.8815568864089851
0.5263365483469176	0.8543354240069938
-0.14114558960122556	1.0017268691036765
0.02209616842544075	0.9423815986277454
-0.14846864629121262	0.980307804801956
0.21631960567156158	0.9300619997155923
-0.01468196980885286	1.0266237915454826
-0.2613350186780496	0.9863342423242841
0.6076669230118233	0.8857325910511212
-0.2504773284098714	1.0279771599995966
-0.10195763040400613	0.9922715424488806
-0.3202651464082297	1.0144951289241309
-0.06073897904466717	0.9945805946717324
0.08359073404860376	0.9011064184663242
0.5237786473301771	0.8395254521385078
-0.25428787203582	1.0303612686562873
0.11546900765212183	0.9492640527183941
0.047477434678190496	0.9004184208481679
-0.20534260840498586	1.0376709143347742
0.7047530273983922	0.8917404306329207
-0.08961389493571041	1.0439974966488066
-0.2525505588335923	1.0757383408153458
0.36090334738281593	0.8928592424899042
0.07360363238924894	0.9755861803155716
-0.19718103219677535	1.023309398614335
-0.34440548616920125	1.008052656304205
-0.25308463338121545	1.0071393365269006
-0.15554596553729003	1.0178899240078954
-0.047846836588663066	0.9500383558244891
-0.3413154588013269	1.0131299189531338
-0.24631116017120652	1.0305845047619553
-0.22346950229580745	0.9704178849336232
0.011896798814545055	0.9472674107991187
-0.3034024303167398	1.0502078458184794
-0.0317211713200236	0.9192895463381953
-0.22970977045617988	1.0247761594646865
0.22866438519403529	0.8819681508753028
-0.2510065426217899	1.0253572729462026
-0.21845843104936688	1.0748994966621552
0.04333505998349241	0.959897372920381
-0.054116991983019044	0.9911797100094435
0.036195675070668294	0.962305770498273
0.6423732717654546	0.840662762789256
0.6736907291364249	0.8340520120805746
-0.23174187349025338	1.0288302112566967
-0.13334399076608408	0.9575852720339123
-0.2023651091398767	0.99973646650779
-0.2911585562138744	1.0636304816068514
0.2439314132901838	0.9059788113031667
-0.18183766070275587	0.9648063437559393
-0.13557159498673954	1.0295015640244647
0.2985697833684637	0.8836464265597194
-0.2840082662436826	1.0438284928894481
-0.0188002381099604	0.99631890418511
0.17963108587625906	0.9485698602123005
0.4875247499113065	0.8511894006863573
1.2391527514828442	0.7630877078657242
-0.18737502178448523	1.0013035524286673
0.2699102919283557	0.893168498728647
-0.08945348100925908	0.9470689951038526
-0.22118794154276927	0.9801065140291084
0.6283226364401795	0.8228161442682435
-0.028869560402182734	1.0136670439169637
7316470986133694e-20	0.94715746163164
-0.23964505103026623	1.0763131919956934
-0.20055612332930062	1.0285879856187723
-0.17683124245841422	0.9709564744760094
0.17385738556080937	0.8996525651102076
-0.2932212515053783	1.0707144109797202
-0.25613906066241526	1.0328362572050365
-0.2467236267909159	0.9632955384929915
0.2676377727379578	0.903093537985861
-0.24716215132676758	0.9974631189339851
-0.21763607916523223	1.0596175072034655
-0.1466154120505196	1.034397663205896
-0.27186382643275214	1.0909626931068956
-0.16074711360028168	0.9821806864701662
-0.2218699848857875	1.0641005786254563
0.35635940065867533	0.8841665310203488
0.07391882336344852	0.9657730192962846
-0.06446213078302584	1.01207867291757
-0.29933815738314695	1.0640487028961192
-0.19701160812175583	0.9892013556583839
0.11439298561233305	0.953397888080581
-0.12194245547724807	1.013206560081463
-0.27143861809341	1.0146633289921951
0.19599454736459862	0.9343840858741574
0.2990338744409849	0.8824095513921169
-0.3513165312722807	0.9854136063049637
-0.23729708326831778	1.0139672839190925
0.08712807159150028	0.9384710744011708
-0.3318600401730446	1.0100238511024595
0.05267935538999019	0.9251919229829058
-0.2938026880467383	1.0338350156701714
-0.15975488753532455	0.9830446123024326
-0.08621106159751168	1.029235593569373
-0.20136986711001917	0.9596793148223618
-0.3171610266984113	1.0172626697226892
0.18859515759937473	0.8991920556507318
0.07492414419843402	0.9395015439698854
0.07985368055972013	0.9672911203846034
-0.23893828682075005	1.0330216758470163
0.2396234667674222	0.8861649747708842
0.0473165748065399	0.970293972016733
-0.26845791289894433	1.0589901332811924
0.3194099973428835	0.8830145615702606
0.17693751233908853	0.932185099954301
0.5573992388936221	0.8326101248700587
-0.0010976986087022998	0.9560930094056721
0.2510321995479806	0.8859978997770458
0.48828581679274496	0.8658950522877782
0.23390703471061117	0.8963674347705508
-0.11695592451721627	1.0204600295485253
-0.06927816193616748	0.958161482260186
-0.22784786228528053	1.0330027735684124
-0.24378091450257414	1.00814442007977
0.01273875291418669	0.9716893163176457
-0.07268982902199811	0.9806619609515123
0.193509377349125	0.900366523319813
-0.27645413813692055	1.045936648871869
-0.30803740201360585	1.085383878485887
0.07932662914168008	0.9919963635256588
-0.14414127023900494	0.9353830805826171
-0.3337771301270435	1.0636619023252176
-0.2666359239696777	1.0561097451156205
-0.16646190429927205	1.0194295986258695
0.8052670150668306	0.7970224214697679
-0.10877519042934389	0.9767748568065776
-0.32154143630786913	0.9919731211954012
0.5070129798854338	0.8281116401399867
0.09208174722855203	0.9459469012544753
0.05865664898099362	0.9870874544233462
-0.09345640346303544	0.9892152517681158
-0.24294366528488232	1.0006183828396906
-0.21894406902868882	1.0033727084180497
0.6565823346293324	0.8271483270909556
-0.21926562639433886	0.976662870832021
-0.17333890392784376	0.9710838788294269
0.6147494349491103	0.8621876186477047
1.7407409367297657	0.695027805669242
-0.04834659918499838	0.9818231623777652
0.46648469181079555	0.8818132295567287
0.2352821209654442	0.9319466772492379
-0.20733116526192302	0.9728653065967389
0.5557777819579467	0.8058191375888172
-0.04606511287335201	0.9869150923312436
0.5645738195335492	0.8804651656261656
0.25618803482260155	0.8842695450980482
0.07685500933075048	0.9632352885238564
0.2645278770206607	0.9085549755789402
-0.281630642958363	1.0125722324948545
0.38016442152899443	0.8790179249078945
-0.22953092392884422	1.0196151958099142
0.07943964884307655	1.0342799822841866
-0.2471720197154195	1.0443060739709675
0.3509455402193111	0.9129703950068357
-0.3536708077947254	1.055526951172708
-0.16076249270670595	0.9992070904418128
0.43397879414043555	0.8429219965182257
0.26569277928629165	0.94088486535111
-0.33837141858396697	0.9993280043645713
0.599537037959082	0.8714642007659682
-0.31163230523450813	1.0056071189554525
-0.3019762026327532	1.0322620498851234
0.16858206823877758	0.8593420468607552
0.08235010727056062	0.9493841853609661
0.44724005707455344	0.9413270465696235
-0.09953267550791965	0.9525211496726611
0.7604722995996573	0.782944270774101
0.43449323632511655	0.910327328881872
-0.23966127018793454	0.955329533375216
-0.2894821607553778	1.0191544598080675
-0.07035727920923465	0.9705212071604151
0.14057366518720127	0.9288715513484549
-0.18802832963357843	1.029914903198036
-0.31713173935022515	1.0447917058083116
0.08746715152501423	0.9677052338819869
-0.2013526596625751	0.9996755636963044
-0.21591177972454872	1.0154314719330308
-0.29238009968420137	1.0119575835558674
0.053767935419992224	0.9516724300666444
-0.1413746748204733	1.0171946721479908
-0.09561148123599168	1.0145726543112092
0.7316063621182505	0.8388130082208429
0.03034258817607035	0.9464582083155217
-0.30342527357130644	1.0009639286383167
-0.14681349151381445	1.055212996625608
-0.3134413595796781	0.9913569926593894
0.2645718518011361	0.8954093944901609
0.12161183459194343	0.9892970326023243
0.07962730691492656	0.9070953100121487
0.25195620255829587	0.9073701482029736
0.3927218628763537	0.8940931579276752
0.14226278675298856	0.928451400302374
-0.22661437852254449	1.0196923192691414
-0.3379739129914902	0.9774037760520455
-0.300705763284377	1.0111757573401747
-0.16834747879460013	0.9790478108794615
-0.12941826419523716	1.036556046471603
-0.3385266603887205	1.0487081800073639
-0.23783038465655393	1.0231448489934454
0.14000019996686153	0.9742843125184635
-0.04847106731911951	0.960760646342434
-0.07223755030616476	0.9810584025052067
-0.18997912045813162	0.9953909654347497
-0.17269459026799064	1.0240501187724285
0.02511703564150613	0.9292144105998992
-0.13403664839155932	0.9538862570694938
-0.3116511567406028	1.0027344783996839
-0.0007386205678683059	0.9489974315423356
0.0688323632111881	0.9722989494460128
0.13530125409134994	0.9506120750632433
-0.18290219119784354	1.0466994189401075
0.18432077629887206	0.9724899129181065
0.21428604909447294	0.9519193513343069
-0.14352141192169504	0.9770722797800324
-0.3050253727463434	1.046810391270932
-0.19861977033641984	0.9893224110231065
0.059040033410777244	0.9432770914379818
-0.13957776301007188	1.0061847750294683
-0.3438046909167745	1.050424932336524
-0.1756333657709728	0.9793688393895842
-0.3228436761617187	1.0536988899572621
-0.19784556584450771	1.0048345802661638
-0.3374784139539052	1.0358200481005242
-0.23662620081191055	0.9828076770917004
-0.3047634673817752	1.034513715769728
-0.2457143728346911	1.0400443173442744
-0.17218222193096996	1.0351407827319543
-0.25290999381507573	1.075066360901163
-0.3219645025356406	1.063427511604903
0.07799877040054698	0.9078346169978582
-0.28562037057037837	1.0280831141134823
-0.007973321833057368	0.9748563773196108
-0.22947346522401105	1.0582529571384192
-0.21137865628143665	1.0006884674128336
-0.1454349364152011	1.0300441461964842
0.052977478469401575	0.9882737201556011
-0.3604053019989492	1.0082695252231355
0.002456003036193502	0.9100741156441156
-0.2138136891870494	1.0615381403169422
0.48475234406698686	0.8867816140021176
0.997585637226324	0.8105246565012723
-0.20257790072143922	1.0441639132699838
0.08963968056923988	0.9345502704761168
0.494710481804142	0.8723513381333143
0.5177024574084507	0.8726593401152213
0.22522350512962253	0.9276337781672923
1.3088925904080715	0.7419131057491946
0.3564141885421427	0.8508006953543878
-0.10044148352067205	0.9734142005531552
0.31423537785909894	0.8697651231512318
0.8224741029207914	0.7662896491291502
0.8786799809288804	0.7743433041859882
0.4694725903411743	0.8821257017530505
0.13292745922712884	0.9334104834558794
1.2085956823881343	0.7348359101183701
0.23266590454462024	0.9003631027565897
-0.16898492661645062	0.9962497434347565
-0.24372740450362657	1.0372049915713732
-0.21757402903761844	0.9880632250107977
1.1715301110928096	0.7943777129940096
1.2724783256277041	0.769519679708187
0.2322212168309959	0.9290985266488268
0.9327930852677702	0.7913139940729038
-0.11555889963420567	1.0383432234368972
-0.10052798160394615	1.0005015815680791
0.5284231064054491	0.8389076245824971
0.737646212037465	0.8312360094476782
0.04909986206306393	0.9621579718577525
1.172963301992301	0.8172356120124914
1.291673803124288	0.731756025502599
0.33064395401238245	0.9193362734353934
0.5323211900058776	0.843971156226887
-0.12400296268555924	1.011883621838695
0.029495213633699238	0.9382355977688094
0.12180223748615643	0.9451853230431153
0.06832124803103588	0.9201650346848451
1.4175989543848506	0.7431835988245148
-0.17747082879650586	1.0061105823100323
0.1962839269881547	0.8872397167763363
0.13226876413204883	0.9312581614738913
0.4957726526504894	0.8528005679707438
1.2124955340808832	0.7503806858711178
-0.1996862688469582	1.0079372876923156
1.0385896714406981	0.7807671507087035
0.9179803309130273	0.7918282081853509
-0.1739148273509338	1.0468634083738397
0.5328006819325444	0.8453826374570412
-0.15983869768610828	1.0520923002350637
0.7693231222552165	0.8249767173898412
0.4013767759192446	0.8480809131135958
-0.15551950374599763	1.010868926683691
0.5425811012279841	0.8818491366000082
0.7330289879920155	0.8015480877852498
-0.153068470754197	0.9976410423575293
0.9629237080378052	0.7920324645926633
-0.19228183625661685	1.0125185632208067
0.3876293111300286	0.845878265634702
0.6826743977563431	0.84113662767231
0.5531289442968012	0.7996719843846947
-0.2910122859173878	1.0482678083402026
-0.16392173478481717	0.9935955194873418
0.36386294041383693	0.8900395871440767
0.44273473942573793	0.8576692149971566
-0.21982194099158817	1.0475235777513148
-0.2799219350194404	1.0391443647538907
-0.07234118644460366	0.9947426847491677
-0.24191320049140103	1.0694060105836902
0.1920457205270078	0.9337939666524063
-0.2022167550017643	1.0220829685207575
0.5503944474212913	0.83066633164029
-0.17219859128761766	0.9883100632743161
0.4753836180687638	0.8642260808205277
-0.2866895388324663	1.0329001954391561
0.17198596902836985	0.9286578404275694
-0.07876939094936303	1.0028211267048102
-0.2778639884943042	1.0518361044678453
0.11036346339052391	0.9200579107316896
-0.2890195952904793	1.0294453465546498
-0.28326319152134893	1.074563170084477
-0.17564781614552502	0.9461665422823046
-0.306108964541383	1.0111029848733843
0.2821936370423988	0.8752327365677259
-0.17681480971895022	0.9944579702306887
1.021166708949464	0.78666237329399
0.5390795966072962	0.8430454982109643
0.5827120656560995	0.8519052368976971
-0.06886425701365162	0.9899067139612612
-0.2892439265609259	1.0369541028842826
-0.3582193519353035	0.9730841850803668
-0.2187960710156032	1.0137455845538075
-0.29310080952389	1.032879586509399
-0.07636623594633597	0.946764988634596
-0.2250491035165566	0.9831277842031559
-0.26975523657522466	1.0432845332953957
-0.26448323396604084	0.9998902942324737
0.375032532846819	0.8703620884984361
0.1009149445175182	0.8720167433929247
-0.20556159271434463	0.9920434119892345
0.15184087565890542	0.9592426948510955
-0.0808652839520166	0.9986617616389584
1.08026190550835	0.7301947996757756
-0.3145362366934529	1.0104183485561025
-0.013816466033508116	0.9829501571836017
0.7177124298848582	0.8407963759089785
0.699593581320274	0.8201673541680725
-0.20180335698799687	1.037659251339889
0.2306171718502347	0.901293459149179
-0.1259937573533847	0.9629811689858008
-0.16947001400767894	0.9792594337427711
-0.2694157682454194	1.0098717885497517
0.786713534210389	0.7885627256095299
-0.0035439530690028393	0.9890989216253206
0.43695434906656017	0.8966198776337736
0.14119691385053504	0.9082966953668075
1.0175983347464017	0.7610720771186763
0.029871178830730965	0.9315557863638373
-0.2798009039974006	1.0347949401727492
0.35768545912350763	0.9017375377247168
-0.2641819682190881	1.0674688207929532
0.056354649951264366	0.9306843046433546
0.05139521173349981	0.9230563247025031
0.5233211126853234	0.8972613991687229
-0.14628066851262533	0.9979659482668845
-0.27758184534442526	1.0209128744440097
0.058430300836795096	0.9406972962390756
-0.40266047223184515	1.006894980609523
-0.30171216388894084	1.012725653423314
0.10193067520620548	0.961882458772528
-0.2465761252163715	0.9760383617622392
0.10291466996303517	0.9577497661858203
-0.16022237496059014	1.0314877848259836
-0.04066504155285965	1.0184667391807296
-0.23527494572392074	0.9696941198549855
-0.29837784364444964	1.0571873143056223
-0.20963701468485887	0.9922624573035321
0.396080273304757	0.8555622506351789
0.7769505319955969	0.8051235802943433
-0.05330096306428562	1.023156821663243
0.3641602687525403	0.9056760303674988
0.6526853330372473	0.8623559256110798
0.08142318897453699	0.9222498237723243
-0.2726681926871201	1.0345568113571986
-0.05310446305435227	0.9338233691056922
0.09527336127595158	0.9240057005989145
0.8590178915236922	0.7946107476971553
0.07837922197244901	0.9123179830225019
0.202038911967793	0.9172827622178252
0.020387236879699275	1.0088272855789209
0.22655889180816866	0.8810225193588316
0.807199559121297	0.7944097131201239
3.0300831615953308	0.6261299175505943
0.16185363075853756	0.9300640122371145
0.5664615855822772	0.8765823406861939
-0.1958526019586971	1.0006985072800405
-0.19326755548440272	1.023448069865954
-0.3058231729158301	1.0273372513827395
1.03490806035387	0.7992052763121877
0.09685272772025029	0.9084885052981716
0.40893065918169447	0.8570329097126157
-0.17965212491580201	1.0012196192546532
0.5335882345695492	0.8441060824575454
-0.1838514396368142	1.0004391109783455
-0.2272433045711393	0.9703624951715
-0.3777105411456873	1.0271799185250352
-0.25291021772129324	1.037023196979276
-0.3187622294526053	1.0610354157031436
-0.19535666819151198	0.992547710470271
-0.16571297173282815	1.0555886163195525
0.3376121270502983	0.9265917954851106
-0.09479945930022171	0.9611343511282491
-0.15282650442282922	1.008349852318651
-0.3066240097728787	1.0198358746260303
-0.2868539183816834	1.0355181077732307
-0.01219529101231074	0.9917640648056184
-0.18873434831960312	0.9859639651476823
-0.21148027393781144	1.0000996636127597
0.30520580312629225	0.8978518946318166
0.08353458247769513	0.9243372349682916
0.09297160237659473	0.9535899735967035
0.1898998878263998	0.9225474112693609
-0.1725828209910787	0.9515292177806065
-0.28146805025781885	0.9705358131620707
-0.023919925086095264	0.9728274104862898
0.6622970898294588	0.8511644212784908
-0.038613943425632194	1.0309176869977206
-0.2780070952277155	1.0922648136725435
-0.10336580474931284	1.0035185010539671
-0.07305497552770908	0.9909955450065234
-0.10498856906154322	0.9750183535627451
-0.17427593890162046	0.9674454292128554
-0.25359355325518335	0.990110963434581
-0.3135779507980989	1.0361567441996002
-0.1645980299128453	1.0379219384053402
0.42834905980711924	0.8375510101114138
-0.14974649101081264	1.009138782030213
-0.31052459334720484	1.1233346728272766
0.0011504782748739152	0.9573093015553802
-0.20037028326110004	1.017545820254504
0.3864609759531129	0.8781254430940314
-0.2223117985742768	1.0610094538818133
-0.21241457082831855	1.0770646596233813
-0.22154848263619867	0.9876829075512259
-0.23756488850071877	1.0402728972092636
-0.20716545136436423	0.9659437161882952
-0.176625375252315	1.0488342119900174
-0.10967941697625398	0.9759478287443782
-0.13413430919930927	0.9897075699198529
-0.08168096437531014	0.958248714346672
-0.25614244165025735	1.0456025585558895
-0.10369499177041343	1.0031406511296996
-0.3029877538617517	1.030962545993825
-0.17925631226830668	0.9726138384693493
-0.293342002612871	1.0267958825646957
-0.19777989035038893	1.0512128350261198
-0.2736213762283867	1.03764753817312
-0.21635834745112342	1.046256616918783
-0.29489647970737426	1.054209587174119
0.7627406506546515	0.801489418331259
-0.2466440157516134	1.0291718209387437
0.10810749552445847	0.966171645701674
0.03251818062365555	0.9399386927795712
0.8199249585902196	0.7945921235676054
0.4291570666369549	0.8503721235500183
-0.1922001094073976	1.0294196115577163
0.4664723575228493	0.8277368824477308
0.6713447198501166	0.8849857677827282
0.4187345865791526	0.84976372455413
-0.3209573605445479	1.0724766476169565
-0.2987699130556923	1.028157278363463
0.029259114219829678	0.9086051335238208
-0.17583108798295907	0.9769390438507797
-0.2619144574445213	1.0290883290537962
-0.3917439680023054	1.0450510874233834
-0.3425905845681196	1.0713884949294084
-0.2133110355616963	1.0557978227879166
0.023620972204005265	0.9595953859137053
0.392329477127547	0.885042703516827
0.18022091648973285	0.9243968217299527
-0.24457610111014605	1.0191132257784334
-0.2947042232203308	1.0134382367983594
0.1679084143293818	0.9213676172768321
-0.18838828339246447	0.9971953558445695
-0.11941111306657463	0.996751910436013
0.056446674390592436	0.9293621933359605
0.15806308052692786	0.907607437893832
-0.14872499175171186	0.9700788538350669
-0.1691581266446815	0.9631005303274828
0.3263609466021486	0.8966077670903071
-0.2677609630493688	1.018636187052232
-0.017218597912620037	0.9719441960193042
-0.031007129319010604	0.9791471308877046
-0.2345853489163506	1.0673211624027048
0.6387903972915543	0.8484973675796472
-0.4379842201701678	1.0180678460295294
0.013215490246546314	0.9458388655349355
-0.25832052204993	1.034302661114056
0.7526596851342573	0.79810202383228
-0.03840977158101711	0.9656144425997318
0.2765654764753935	0.881004612156712
-0.19477524535078725	1.0120758475196927
-0.08971774179626435	0.9697728992401915
0.02797490202388748	0.9888589068838086
-0.28110186370699025	0.9793178352914685
1.5174629818629704	0.6971704439712518
0.6226368882349552	0.8355752240989722
-0.13446088440127882	1.005658146852439
0.9215830864852452	0.8164375175771511
0.0804025624595885	0.9637265191958265
0.1588665732454549	0.9217952796801676
-0.25720331852982503	1.022000214388545
0.08697389977043177	0.9288053454730967
0.19356460265824393	0.900825221472296
-0.1154310839613592	1.0155983178839767
-0.23159999837582415	1.0422287578103957
-0.27422200450825823	0.9793713144013314
-0.18416865983029754	1.0430959542504974
1.4485217478814167	0.7727555679369853
0.7308357586975569	0.8357703236144219
0.05878776548496004	1.0036017406347078
-0.2363228170471894	1.0544608027969904
-0.08501243278207551	0.9913325360024482
-0.22558291463876695	1.0829105123097722
0.6612422192020895	0.803046559953989
-0.28059124517256956	1.0371438109920594
-0.01649489892054782	0.9702081532494208
-0.20585857553878542	1.0302537532811904
1.3805574091489068	0.7560522547971887
-0.08230269911524205	1.023003573507919
0.9621526924874655	0.7794307973462783
-0.1466811668448478	1.0115289209497111
-0.2920538349271047	0.9985976982153129
-0.2566747778561443	1.0501043420878489
1.7178863604890244	0.6452320112445207
0.1092188209009847	0.9232279619567072
-0.009184907925641998	1.0107838799740152
0.3047202929843636	0.9210082898930617
-0.29110784747000756	1.042174611811452
-0.04274910039086514	0.9645012374557684
0.04770775925130264	0.9376209594017606
0.7826146654789107	0.8244981827743177
-0.18881991780783314	1.060757335135488
-0.11792599851014621	1.0300879416684676
0.14552080840167986	0.9416136800014963
0.6036920487920374	0.8393012762263805
0.24877908560628278	0.881932362678086
0.016155026784445744	0.9399797494822478
-0.18829108660583688	1.0047950294439174
0.35858983088431096	0.9110559066627701
0.03583819677703708	0.9700318010497052
-0.2428099657364502	1.0925411326918117
0.29160578980000135	0.905667674078661
0.6408475157616129	0.8703696539687551
0.020288578071273704	0.9540273105963231
-0.03886847753207831	0.941182124664063
-0.286333555188882	1.0062550409535045
-0.3031167736662074	1.0780889809932992
0.4632103091613044	0.8684254294168027
0.6784710732214824	0.8537811309519814
-0.09884944884424908	0.9947607021756862
-0.3321641599205446	1.060760529078346
-0.24757011810708374	1.006047158456166
0.05167289578254485	0.9499704282905639
-0.04382489022109886	0.9996746159301187
0.13802133494709454	0.9552737087618286
-0.18808741148832506	1.0246933202806663
1.3194004388408118	0.7671871679915419
-0.24416452018072674	1.0261711441154135
0.6505910326554465	0.8412016411714089
0.002964263940827848	0.9667403121058753
0.48268534012765507	0.8374446353408129
0.40287834688893404	0.9109223079974682
-0.0820875630867191	0.9603920704046381
-0.21264193790797986	0.998379082731182
-0.20993144167585023	1.0392205298729926
0.12528588554823394	0.9629219434140109
0.16021420960435415	0.9105915953826208
-0.13484299890535117	0.9809966631092907
-0.251787695727416	1.0744242990904014
0.47383140467845586	0.8703837408726476
0.7827629334781292	0.8336695913380436
-0.34683420296373096	1.0238169814242786
-0.2401831980569342	1.01668874378234
-0.12763917719351156	0.9760434517028034
-0.034717323308298666	0.9814818063237316
0.12436759669900885	0.9380209341932004
-0.22718171704222015	1.040010512532282
-0.08185292584886972	0.9995049871545721
-0.23453172696835148	1.0617428848270498
0.15345807585086016	0.9467223847992118
0.02037575678186696	0.9481889072008385
-0.3093490879672854	1.0680036611125445
-0.2497915205362706	1.0449140087628443
0.14416161108420097	0.9143543365119842
0.06510446302101852	0.9258991789271781
0.17621753947791946	0.9214158884307785
-0.2883273303616542	1.0010536691891792
-0.2628318728540533	1.0905454691550702
0.028611718103257362	0.9377386273057019
-0.2329646748770536	1.0314806184900938
-0.2963283638708377	1.0536594839129003
-0.08333448024687416	0.9571845412551329
-0.23804799619251857	1.0436104247067366
0.009766689790512855	0.9967276535745895
0.992603717707523	0.7834319711302218
-0.27466433378220856	1.0091015907048688
-0.1875880424200196	1.0021161696336398
0.35122260666682886	0.8887773998394982
-0.2441125371214107	1.0304528603221326
-0.2911377221472959	1.0112108350753033
-0.16256658563995738	1.0210152641283925
0.3067271246667025	0.8573467314641744
-0.28983802291698635	0.9922848007995572
-0.33894501867537713	1.0257771820882111
-0.15853589987061084	1.0258853358739966
0.0324705485181733	0.9747357286910884
-0.14271201205637296	0.9909762898592016
0.03383139998963361	0.9395651316866213
-0.1682993789276985	1.0104145045580128
0.010880799342040861	0.9433064407045962
0.45183979358585374	0.8768871845600117
-0.25482064737883886	1.054924265430366
-0.2722626199073167	0.9916634085283986
-0.2728041285961633	1.030733119507962
-0.25559537655917725	1.0735294865148386
0.018523727376806513	0.9355340371629448
-0.09513353935016555	0.973895761970572
-0.16965252518679058	0.9870947407213472
0.3693591962157805	0.8870960329629912
-0.2964506764992666	1.0486871473456247
-0.24554989088856366	1.0026507128348647
-0.2688905656917269	1.0761759050252713
0.21318178610897281	0.9625523760450932
0.3541760734520594	0.8483248020303257
-0.1264889375126809	0.9769744185901813
-0.260819579620909	1.0233701878000088
0.5947822532189185	0.8190613443914231
0.7771698016066941	0.8365527905475388
-0.04218083241813957	0.9940560712269281
-0.1349927270819329	1.0102489602008906
0.6989145524246709	0.850701834386673
0.8528783814913253	0.7843739930304026
-0.20168622066041697	1.0415977200314768
1.1653933548129534	0.7721125081330893
0.42958139314771043	0.8911171406724875
-0.15718191235090115	1.0062958001870328
-0.3544281251447871	1.0357520618445213
-0.16972966858190716	1.0183044066078122
0.7426045732709842	0.7909590971380092
-0.19613144403256438	1.0131586570917708
-0.18786657232371323	1.0324128843301272
0.07156992072491208	0.9195667642406734
-0.3081207419393556	1.0041024238562721
-0.011844878162311449	0.9436086988470628
-0.18792729309569797	0.967668174247188
-0.2855067544634269	1.0408664026360448
-0.2605487734765463	1.035436095747584
-0.03394471345228837	0.942193864809149
-0.18391213215265248	0.9753584086693808
-0.2895947001057281	0.9907023585257521
-0.2586442264063054	1.0214277913271579
-0.3093841929787812	1.0263440964740576
-0.28482575221345907	1.0314498349527859
0.07091906139905421	0.9582944528786221
-0.27503633759330265	1.008261146022813
-0.2664133004752171	0.9656406759186202
0.6101502669404418	0.8547006445469643
0.4087332415542093	0.8756957302879389
-0.16927493448820102	0.9996470175247716
-0.08534528886215055	1.0369537477728394
-0.18627569511219957	0.9968360067150112
0.40031642246437127	0.8667861080003456
0.016011171340901117	0.9521070164283664
-0.2905026630673144	1.081746323118458
-0.23406462440425158	1.0952230842280215
-0.22761675378446103	0.9769195357292787
-0.21458613808192864	0.9851649862025764
-0.3340153777412346	1.0310316576672078
0.010166762862245856	0.9522820423168251
0.44548988309417803	0.8827040087819056
-0.1625406130883294	0.932686629688915
-0.038175337136461526	0.995829373747835
1.6576266461992175	0.7193332566878261
1.2963312721079792	0.7210424720210232
-0.21145892410367284	0.9964875430238836
-0.2333668984181522	0.9954747822291725
-0.1115603840713748	0.9928586560906919
-0.07437480194849616	0.9713217625457992
0.6361064486219692	0.8491880577729486
-0.2046946613590627	1.0563170837595566
0.10010038632628207	0.9307006489393227
-0.23085294789027166	0.9951481864258985
-0.040734313384488824	1.0312234216003102
-0.08709507982589704	1.033931755718793
0.7804251411996559	0.9107369612064027
-0.24606633534008215	1.0121920042167871
-0.19517774276841787	0.9973403247412034
-0.22207929822317632	0.9740740867932102
-0.12077510788511787	0.9878620694198108
-0.20189232457513448	0.9968063620135597
-0.21184820422437625	1.041563673623911
-0.19309229069424472	0.973930166296305
-0.2738712852480308	1.0316486632358284
-0.18454161854651366	1.0379748977044587
-0.14205026697501807	1.0037616165659107
-0.0561794981107648	0.9749128673854057
0.1703421859469833	0.9291261175101471
-0.07342977442824569	1.0142712698676264
-0.30772857076329174	0.9754513771654012
-0.26826153393452523	1.0724611375602906
0.18313395848412842	0.9309711792395483
-0.20325883646600873	0.9839981482120509
0.5611539540240784	0.9019990816020431
-0.24986263330060074	1.0423846181266954
-0.13789085149090394	1.007980707073383
0.03912842311797941	0.9499404935774692
-0.016956186137416326	0.9490401022668526
-0.0164199575861975	0.9496262024415167
-0.2817540865285091	1.0226912888191246
0.42492536924497404	0.90278875470149
0.5097181852761602	0.8702153194205646
1.1991935216966916	0.7769808359043568
-0.20202351495201998	1.0756539900081508
-0.17853199220366822	0.9472327427527854
1.1043251907496574	0.7690100850089309
0.8728032175526845	0.7869639591365384
-0.21582107224054076	0.956998137671747
0.599151793637096	0.8480519350712737
-0.3056339767765359	1.0303609118103985
-0.1548919654005125	0.9897940809647868
0.5993393656439147	0.8403287919898283
0.10869477970608118	0.9002841390615803
-0.08257612745575606	0.9524521640956793
1.2771328909319526	0.7589859584812423
0.5983862806293204	0.8246336956064415
-0.1027338318200463	0.9769376739589675
0.15725823313022355	0.9232876258376355
0.41340037261948853	0.8762035331146577
0.654046102004574	0.8442359219408181
1.6651303490502534	0.685643720795506
-0.16965481968344664	0.9872513205927678
-0.21717431914679564	0.970620668681237
-0.07859248568060545	0.9843080991898305
0.00812938661351226	0.9718515394108821
-0.282324295023446	0.9963676800968291
0.10257493867344632	0.9186445195354974
-0.21541022147925293	1.0458715947772332
-0.046431507765258784	0.9475957997125124
0.43109084300193407	0.8626311913610811
-0.1307693831030839	1.0092986161267916
-0.22341728361098723	1.0132279718533554
-0.3323829973323081	1.0354282142774376
-0.32728033388316985	1.0458375517464038
-0.06046019423840768	0.9640611063930246
-0.0972714177977308	0.9847048147686527
0.03967075681122151	0.9460261998963706
-0.09442399536771566	0.9766920072491961
-0.0794047250649634	0.9903344078406933
0.08417322607462634	0.9209856723324743
-0.3022681976569479	0.9951210419000446
-0.22879120515937218	1.0221093717878689
-0.26377436588270853	1.0268496816265378
-0.25423810552621595	1.0451710592006236
0.25548582263754016	0.8875051614073746
-0.2705310164923186	1.0160016476188327
-0.3697129073191497	1.0457785173826635
-0.2549324938730787	1.0101001415149622
-0.22665582018940603	1.0188332717156638
-0.02945749645065525	0.96066787433988
-0.220892496569365	1.0089505099585065
-0.05753495957078495	0.9979417493296692
-0.20966221653864697	1.019855294845143
0.030034223940130562	0.92704357087278
0.2773912061650985	0.9532145475147705
-0.07414095785468099	0.9807588572984345
0.49282639367503667	0.8666859595458862
0.23113114777264124	0.8964957599310581
-0.05511778105066345	0.9548678776274064
-0.20537036161695282	1.0947220516126264
-0.276364768352354	1.014434447181263
-0.1842315101629909	1.0057437367220983
0.01837668645722776	0.9749727479681468
-0.15010150836115413	1.0155854917378162
-0.29371349733519414	1.016706270118585
-0.061117417768936345	0.9322390552247012
-0.044733811565117236	0.9963762948696969
-0.23708581940478168	0.9990621551516745
-0.3377302547131204	0.9708085092337988
0.01728162998573627	0.9344638179895142
-0.26949006756545113	1.0588129602557441
0.19740551583896776	0.9222943863144719
0.46255606688455997	0.8997812205490242
-0.1290397764018944	0.9730691855573762
-0.26079404423598035	1.0436452519050063
-0.18764608904722324	1.0182141772362103
-0.2424018243622865	1.0270500808072498
0.2941750045458508	0.884892643211491
-0.04870535685212741	0.9476672418233802
-0.054414776149526056	0.997573803121466
-0.1100481107729957	1.0037676502124597
0.002151949411989514	0.9708268824379842
0.09349540316435809	0.9620225810447753
-0.2905881392044023	1.0540573875170647
-0.28235170464480885	1.048987204713839
-0.26997328404074566	1.0167823447833289
0.000524596500481457	1.0056665987453681
-0.2836691686063997	1.023031233871924
-0.21769944829640728	1.0702667541982687
-0.13134093309385717	0.9722668663118926
-0.25079991839132126	1.038200568012219
-0.28877968444498286	1.0490599974453765
-0.563860963613789	0.0577178228133218
-0.6953297796683447	0.03176649895142976
-4.415507700168272	0.9864893480707786
