-6.435102019223385	2.5585829217495437
-6.672178838881584	2.490582657296139
-6.827697283167222	2.4109959563030614
-6.920987091905631	2.3295182984005893
-7.110448448142605	2.292444666389854
-7.23286380091802	2.252652784931551
-7.440319634185612	2.2514001711305185
-7.596256045313461	2.240973632144041
-7.6685430824042164	2.211460228645687
-7.861555292821746	2.222833466130054
-8.084794956568645	2.244913362928571
-8.216945490351353	2.2412253567203058
-8.384042817552114	2.2470417058178955
-8.486937595595853	2.2393404791090012
-8.602074159557718	2.2571215434596863
-8.69427802429492	2.282960868048071
-8.701267044693385	2.289916156304109
-8.695748007602097	2.299838770559009
-8.60484472862345	2.2944579629043296
-8.516017670826956	2.2903668837898095
-8.485969738373207	2.30348717629266
-8.414967468134675	2.3049698709535296
-8.269518891984813	2.282278693066683
-8.073129788426222	2.2403565407878823
-7.81437272820291	2.171911924598655
-7.867639505013944	2.2143817642622903
-7.963655658345386	2.269734793308604
-7.975905429959525	2.303941112686214
-7.90518904960348	2.319760656583925
-7.773476450692883	2.3194094525901825
-7.569559134005394	2.306258514446008
-7.284366590719236	2.2825102662732313
-6.924495127541284	2.2389634866615493
-6.643331762680189	2.2275047561293877
-6.30061544958831	2.2044412336256163
-5.90662980219211	2.1707442352531934
-5.637407526531568	2.183092083664138
-5.303627378337416	2.1675764080985553
-4.884359438305579	2.1209392502548825
-4.411813510665987	2.0561055774620143
-3.880115478426154	1.9630535463342875
-3.6624886013500952	1.9919886864984317
-3.365146590896005	1.992039162230685
-3.1297223801588903	2.0259615210549304
-2.8233335574335463	2.0491126084597986
-2.4434487872797104	2.052276130330968
-1.999684357604863	2.0396887917958795
-1.5462794506741067	2.037202573436152
-1.0015355776189636	2.010428353760602
-0.3719004229055088	1.9471070848731693
0.1098772806046288	1.914653974332312
0.6519621817402174	1.8592998814438182
0.5914619764294007	1.9604424636203661
0.5996015270144127	2.0375591218687905
0.6915526513130985	2.082410683947219
0.8695468327328495	2.0937929344215016
1.0782247040267119	2.0988140195718374
1.2711017089803534	2.103361422847043
1.5684729921424312	2.075713287686658
1.926203039209661	2.025345911643733
2.114954933477695	2.025842948276881
2.4043012362201783	1.9914425514675231
2.5262721684937857	2.00830490399517
2.7286826705871943	2.016475692391675
3.021908354159558	1.9930613448459122
3.3281305404698944	1.9750982016984275
3.7396057913956033	1.9077614954999427
4.224919273097369	1.8068972017507041
4.360359932631533	1.799408784600207
4.026552556044028	1.888007610519165
3.7584469820436097	1.9517733836563813
3.5789211623515675	1.9748648796207975
3.4780046784984537	1.9715285311640522
3.445366939642014	1.9385998420954673
3.1569463375172155	1.9870212912448442
2.9324988739538886	2.013221256165941
2.788409808892724	2.011510390164737
2.741369561767754	1.974633559103762
2.782548375392642	1.9063451255184147
2.4178869478339515	1.9778046545595684
2.1477660148397093	2.0155398557088824
1.9606522280866172	2.022879052988905
1.7027599897440813	2.0564409501635037
1.545519823112422	2.0601965674422797
1.4642201464491778	2.0372675447200943
1.475758160360285	1.9878584533850943
1.399881586155746	1.9628797756739922
1.0210313852721695	2.0192548509371764
0.7297010804070595	2.0305539839226694
0.5132272219120074	2.0225550509633483
0.3113594955616737	2.0012931555465805
0.11340018483329917	1.9799773300208798
-0.3739407549525407	2.0651587575078274
-0.8021587769631895	2.1288141944958876
-1.1451639442702342	2.1670901371369826
-1.3997973889419488	2.1809687425775355
-1.5681907606629906	2.1731062591338004
-1.6963371924524744	2.163068813409863
-1.785731085271152	2.1512753289983153
-1.8275603891363323	2.1255434373723463
-1.777215797929126	2.0678280481949103
-1.8722255587529895	2.0565715821500663
-1.994289898104442	2.048055461760749
-2.1442832561314336	2.048888084672659
-2.4173441527390245	2.0841141067098907
-2.6949680046117566	2.1187890773583082
-2.908968672781722	2.129803822664015
-3.2045495143364247	2.1630722217779654
-3.448411566861004	2.183372587394835
-3.6419407411332285	2.183528836175105
-3.7549358202497385	2.1663619600294606
-3.8635886249287945	2.1560434289609547
-3.8802050053835138	2.1207468136954177
-3.816836851903651	2.0545906935157663
-3.7894594040837553	2.005784260248304
-3.695475028018936	1.9214067748180517
-4.191627448816491	2.015587377808249
-4.714393254327986	2.11959028640298
-5.1592161574569015	2.195689671850576
-5.545076388054082	2.2630868751737045
-5.832529674971944	2.310156187597019
-6.0463463408407625	2.3324388396108993
-6.168714810291953	2.341204559676646
-6.207964115149063	2.3332664242965717
-6.268444564294398	2.3246517640113193
-6.270458902986292	2.307654952073316
-6.260655873201388	2.298901443464012
-6.1981730398001496	2.2807259151843278
-6.062811050219539	2.2375079111312255
-5.876588550919589	2.1843400131124393
-6.053368518462377	2.2324872667538367
-6.154939874755689	2.2495475585185094
-6.168981992733269	2.237731843361008
-6.10059609460938	2.2002388592718733
-6.01067235782217	2.1742284724193865
-5.835378345539278	2.1219598369479087
-5.639846997363587	2.067558508433446
-5.679729715308639	2.103111926640565
-5.7148403534685155	2.1397964978847637
-5.6638454927474555	2.1515589449859407
-5.577908970702188	2.1596399745430666
-5.40442468709915	2.1435646557462706
-5.149874458275942	2.1107078761937634
-4.8118808039239225	2.0550559327473006
-4.3895056881785806	1.9649493070697197
-4.1273357979632	1.9211375114734728
-4.11947019355229	1.9291514320500203
-4.3196036666824575	1.9757325890144461
-4.486294042242815	2.0001927223587312
-4.56517586842127	1.9905560741417165
-4.910684053972345	2.04910446778091
-5.177134092529538	2.0825282569133243
-5.373323274354207	2.098250898829023
-5.66319943790355	2.1493881018501164
-5.865413155309786	2.1712455245232607
-5.984252843441801	2.1746683918746106
-6.075647955433113	2.1742673830991133
-6.129812784321123	2.170185636552837
-6.126107020519237	2.1485353292559513
-6.0512350543864635	2.1066004453224085
-6.212986007146962	2.142301934138517
-6.302906448639964	2.1531470999167017
-6.322531853887984	2.138136709748992
-6.4148444271537075	2.144517945146809
-6.488983186385705	2.144990334239113
-6.505842707153154	2.1234954265115786
-6.58888658127215	2.1348304975810066
-6.594053473439526	2.11661230374505
-6.750763095961496	2.148550443875926
-6.827883395344287	2.1528805620241354
-6.926032668205861	2.168348592681621
-7.019594510799314	2.1913583028763153
-7.07756656261776	2.2078931127243817
-7.09718797152659	2.215784845228883
-7.133980569289197	2.2421422638129345
-7.116146274370302	2.2644079770747645
-7.028206602998071	2.265370721283209
-6.85176670616844	2.2454456187561003
-6.616603969494592	2.2196460380020944
-6.338560859048753	2.18598509772913
-5.977132389662513	2.1306643832855148
-5.540582646869028	2.0520665756286247
-5.443588539646573	2.055795297334726
-5.346599108602152	2.049917651734529
-5.500900754849299	2.110160149020376
-5.5707255861558	2.142919638205485
-5.586426010444165	2.167983084035341
-5.518319368752252	2.1749295788298713
-5.429294985330505	2.181400265551842
-5.358529048109968	2.2028618387238623
-5.198226478750576	2.1987641265681654
-5.008243782897489	2.1928603578796824
-4.779138128202411	2.1831963623222297
-4.715352342768727	2.237208143560651
-4.562433639344609	2.2679447439045477
-4.3209515684279864	2.270513782883397
-3.992894723887144	2.241365851995829
-3.5721387822022077	2.1916045490059584
-3.0651176383340584	2.1153093197977584
-2.835786772750218	2.126792167515255
-2.5144778651594235	2.110001275356387
-2.2204493868029243	2.107028104390596
-2.0053982295296073	2.1241299182508873
-1.818837467523847	2.150539570009213
-1.6141331206302272	2.1737311724044637
-1.331279760932081	2.181114449722933
-0.9551472292028613	2.1577944910712437
-0.48972039425354386	2.106863817945017
-0.07842129341792708	2.0783025504372143
0.35818884899869025	2.0465134930138826
0.8398862944326161	1.9967751611413154
1.207140739684569	1.99286369289456
1.6650960832101314	1.9591833916743722
2.2142503785824226	1.8915381273310785
2.5886423623871258	1.867516537448886
3.0033312001836387	1.8092168316820842
3.510817766562982	1.707099894166671
3.0510572324756806	1.8304566657327828
2.665256752610557	1.903954398479717
2.371340661562689	1.939208014175658
2.131101276393624	1.954581717664424
1.8571704692110442	1.9776249835850057
1.5427078855680019	2.009893120944774
1.2519714390153556	2.034460430868784
0.8880254595733255	2.0884408903574707
0.6261317170939135	2.12370976895384
0.44607446067671536	2.1372462851121186
0.3695982122987274	2.1276560032084606
0.29819931657097964	2.1371383174606597
0.3078112390300329	2.1196936765989727
0.2616824107039697	2.141096759763949
0.28433880792969063	2.1386435862280626
0.3564089857148301	2.1212729699186545
0.5018690398544938	2.0770545849824873
0.6898573697766254	2.023530820299507
0.9667010921017051	1.953488197584314
0.9147794104090192	1.9671092718356946
0.8448073268536318	1.9880940112145646
0.7990853181340266	1.9944006182097342
0.6817947594071301	2.0250721978635315
0.6670938162011043	2.0214751238831044
0.7301116197920311	1.9833702121703232
0.6377125484015818	2.003785990106746
0.5974525181085606	2.004893343537786
0.4438141732991822	2.038743936449939
0.3361073874843238	2.058166710978684
0.24757083707243066	2.079694115950802
0.24442584660911823	2.072995818083629
0.3251102801988792	2.0525205005208766
0.49755586504140065	2.0141257505423202
0.7170082259174289	1.965910402310357
0.9507770476854286	1.917829844607655
1.2714073294068282	1.847289488203713
1.1759955700284033	1.8902756918466894
1.1794603454662878	1.905868007140979
1.1960739252673998	1.9188925587119465
1.1529183058126338	1.9521503493528674
1.151513937547871	1.985220131680833
1.2241119480487834	1.9957617599983295
1.395374062016236	1.980330785051274
1.676666392474388	1.9443619984471787
1.7511437014914235	1.9820760637677368
1.8131619026602435	2.022522768505492
1.9739238392777894	2.0347114991616486
2.1806611394465563	2.030385862696
2.3550067776417065	2.0381860693848
2.6208066762127955	2.0165929343386595
2.8399916335395305	2.0109268807814473
2.9935007016779953	2.025147587250632
3.222008657257321	2.0195762675433135
3.5326814444749797	1.9895020489436668
3.8176004310965532	1.9642828833808612
3.9055728998423533	2.0095611286783495
4.10063021587923	2.037091137609144
4.384951481732788	2.037586128983708
4.754196721370726	1.9984077391347523
4.891323584361643	2.0214370148671215
5.020862287790718	2.0430871298270317
5.252679825091969	2.0346235058826756
5.578591697596094	1.985821709937978
5.951372298861693	1.9167120007686966
6.266668151321419	1.8556182380164992
6.5461137271736	1.791181566733686
6.59994870294698	1.788977718801624
6.750040148941016	1.7386110812817541
6.566382519373063	1.7737452417087303
6.380733704033699	1.796540338030262
5.9625753714689385	1.8655825229033038
5.4971388763059865	1.9424323535746684
5.097711537343856	1.9957362964165029
4.790674205979499	2.0289851122034737
4.577066511137241	2.0320997302873107
4.248625308397098	2.076548396430138
3.8445621837392805	2.1506931888865397
3.533782060145873	2.200634370984794
3.3143192299387274	2.222675345753847
3.1755581657678547	2.2286790852677667
3.0379082620827944	2.2470743873381545
2.967765549305419	2.253969197857581
2.991294199603697	2.240928742872057
3.104941955771982	2.2071564833824246
3.3206106912325564	2.1500624858525286
3.577798159486692	2.0921252934499925
3.863955795322979	2.0312531278724504
3.938850338158888	2.0536790735772286
4.010968146918674	2.07283456734279
4.180220045500788	2.065608475950718
4.413355976529207	2.041307015144482
4.72417966624375	1.9849439511912494
5.1311038279028764	1.8831623495241658
5.267447507591734	1.8500689954454126
5.490571329855612	1.7774411857693055
5.277178811262428	1.8049157931886715
4.850182215766803	1.8668235412773033
4.486342368234371	1.904584921538215
4.073147597972363	1.9531502896751505
3.753150526973644	1.9695232766417812
3.3160382659739307	2.0017123558448526
2.6826320284790803	2.0804397609930994
2.0855963051559536	2.148262113540964
1.5806966135478846	2.1878635480518818
1.1104343874725062	2.230826072184206
0.7234308084698737	2.256827657044907
0.3928974271660504	2.272579857802977
0.029870957227692067	2.3043231617350184
-0.23870994291684428	2.3149607011178803
-0.4088958847642461	2.3074368245979113
-0.5844693288386106	2.3149520072189538
-0.6696087716305553	2.3022493487280404
-0.6869396787078936	2.2813662167368305
-0.6530297494105798	2.250843386551953
-0.5730758276622181	2.218400931510747
-0.40049736008842535	2.1717882166316045
-0.20353847159201183	2.123740266385945
0.06743194630424919	2.0503830540779346
0.40482580797800854	1.9727074698171305
0.7780622180246574	1.8876248662062078
0.7626770958152919	1.919597447449638
0.7034378250909813	1.9633341555282018
0.7321915378687378	1.9871028245691231
0.8476513819992998	1.9905069758007339
1.0064653218381467	1.9712312062871933
0.891859524386469	2.0248643067064322
0.8821129121964888	2.042695190490506
0.8824574107242786	2.0683158411714455
0.9671387201533789	2.0638559839692467
1.0852659692450026	2.056060210675037
1.224382092431984	2.0421490906096995
1.3793476465694325	2.0272485025679803
1.3914435904031104	2.051783084685341
1.256081577552011	2.115957121461741
1.216096774315234	2.143444087421969
1.1327401718855963	2.1852123242106747
1.1435396377817089	2.195679028267066
1.2121251613461927	2.1832127819230207
1.344304584097343	2.152808608500223
1.4518349527683452	2.129424829103917
1.6511552635933266	2.0793885222817967
1.8481706690658573	2.0342039139563464
1.8322541456244648	2.0576712712074214
1.8940913745455907	2.0536337454625317
2.049486223674536	2.0152868318811303
2.1084457563646986	2.00011323857881
2.235945670446542	1.9594999946786968
2.3413731019781614	1.9097719508071656
2.507118279420495	1.82771414619575
2.163779838352976	1.8986808571097826
1.895697894679039	1.9288325846260055
1.7367548117172413	1.9224898870085183
1.5341409764073033	1.937863196867826
1.4461617273138678	1.915580198521812
1.3238288066996362	1.9186487991433832
1.1878703854063273	1.9255181731903752
1.1392998677272919	1.912010476459589
0.8742028254220751	1.9602353501181864
0.6590393749233994	1.9940508307703044
0.5222827062374764	2.012611812805653
0.46807700195378055	2.004054262431145
0.46332970710823645	1.996392607801868
0.5497500176552408	1.964054933814588
0.736029719325674	1.9081645606280455
0.618556287890738	1.9495658210125886
0.6096786415667773	1.9658179792637676
0.5669202398697722	1.9943995048005554
0.44979354825812995	2.048131006298367
0.3974032019003365	2.08820671395418
0.44238578448014054	2.1035173209044387
0.5303991777169558	2.1070360851442564
0.5435803685961841	2.131305766809846
0.5593671722680318	2.149524718799066
0.6519896548903554	2.1522845905974815
0.6742864984382905	2.181449831084563
0.771445872703947	2.187643002930873
0.8319691594737871	2.2039482218016606
0.9753574323146929	2.2073263516827843
1.1686087121491167	2.204853676574423
1.4147778098967014	2.1874029834793665
1.7460178401830548	2.15089712193943
2.17302903809762	2.0879644508253046
2.6899518063774015	1.9887634031774848
3.2329072610701806	1.884472868013341
3.2005375388762567	1.9505387289161267
3.1859792458605782	2.001470963295005
3.252538518831156	2.0171420551553805
3.381832938323577	2.016982502689305
3.570925466160118	1.9956254997005087
3.6130902612361244	2.010619624249089
3.6061237076792154	2.0297562651679524
3.5820139370872224	2.047987923317548
3.6470207657674942	2.0365044810086608
3.8023929272675607	1.9923057171996112
3.80131973223469	2.0112035367125
3.8763121455330105	2.007038385198409
3.9549663835471964	2.0013564538619724
4.129593439033037	1.9621290152623627
4.193098979474212	1.9508665560318612
4.021653569857104	2.0100740207226777
3.941776476507921	2.0396318375851115
3.8060627322564633	2.0772793892467125
3.729936333627551	2.087337374812608
3.594746094316481	2.1140719757277693
3.5319519615915866	2.1351064722567057
3.5512301351544733	2.1247443326792586
3.534595972332665	2.1459631645967567
3.607860330267222	2.149035615366923
3.774052893526405	2.1267601001795136
3.9099697118657146	2.121271506622773
4.056729229679053	2.118828680894845
4.296019590119376	2.0865594885287693
4.5820817817957735	2.0393325006139706
4.768312399831468	2.026125243790383
4.935301683362135	2.017918158756105
5.086084736328161	2.012636362823349
5.34005195284141	1.967268787156906
5.397306895279105	1.9726543666414875
5.503209971197901	1.9541522586710278
5.403995585275503	1.9921503616055913
5.3160714326403795	2.019336869986546
5.331925452611059	2.0072147483653757
5.338162283086891	2.004443012501266
5.276195028937768	2.018592346491045
5.267111443396194	2.0137909007893833
5.3537083063789614	1.9727123219785927
5.540381824955664	1.8969721055274542
5.628427482512445	1.8472065652020786
5.36676834695606	1.9004270318361163
5.114524194426378	1.940747586793393
4.820659930682017	1.986258864554916
4.5154999841719565	2.0345073019314817
4.311106191665509	2.042245003718055
3.977314493469523	2.0871474809889152
3.693773503539265	2.110238167924645
3.4055869199806863	2.1376234466904687
3.206530363408453	2.1350092345884155
3.1125576772267727	2.104935585047471
3.0481172176698683	2.069557720499125
2.940767955312054	2.0651331445806496
2.9276975528368907	2.0304845829277283
3.0062217379332443	1.961046126881255
2.8591218770519307	1.9704660589900758
2.7778552455479937	1.9526096445370267
2.7954246650184134	1.900790700938224
2.564635931073732	1.91829395906734
2.197291716122654	1.9719988626352114
1.9279713657782265	1.985213997494224
1.5603198686846087	2.04348156812983
1.2624527948138724	2.0889869543397452
1.0562398159766149	2.11245501550319
0.9415540801213033	2.1179032182174145
0.8963184798629085	2.098881379640712
0.8369953363422681	2.088829396008279
0.7990362654998642	2.0772213751201436
0.8609761537072589	2.035068031131489
0.6869151946981532	2.0737992493955644
0.6081707121414497	2.0759125634765994
0.5376332724227328	2.0703744510827
0.3441914230887819	2.091220467477052
0.24084467099371235	2.082008987822567
0.2224833634376397	2.049747865323084
0.011738006329540428	2.068744794488116
-0.1284037240552001	2.056305163343528
-0.4965977922926583	2.098522999237589
-0.7723872894381155	2.1092681684461185
-1.1789924108572667	2.159122268455236
-1.5270639569183013	2.1831378111473994
-1.8703875356453084	2.2094980363854315
-2.1249321413685127	2.2222442143657326
-2.347716530669517	2.2303127333859436
-2.5148125764284983	2.2282911069247624
-2.58984606373121	2.2078348854380385
-2.5860199756417463	2.1693018319312722
-2.7917844256685127	2.2044177496849815
-2.9144100430289708	2.2140823876914686
-3.025209435796365	2.2239984265894077
-3.2195420345494457	2.2597872798298644
-3.328325488821053	2.263530528809227
-3.3530872107880785	2.249235328171169
-3.293423027519564	2.210287801111566
-3.291043780754497	2.210757908973012
-3.2246505420481233	2.2051192709796164
-3.121341800556986	2.1930992342748468
-2.9780335824297253	2.17793260642979
-2.7570744684034643	2.1407671630538885
-2.62226620205873	2.131317718407531
-2.5216352208104382	2.1372754313961035
-2.340590487803853	2.122753811646253
-2.1843614200124053	2.119432933413626
-1.9484918884278124	2.0880621302830513
-1.6625648627799257	2.042275721507149
-1.2936392672565007	1.9707179236120285
-1.2922559927847086	1.996444036512154
-1.2276612302049064	1.9962937215960002
-1.367458360327747	2.049497559831249
-1.4358782590707235	2.0770130069172383
-1.4704354529944716	2.0875172693838224
-1.6567276536440911	2.147221155639894
-1.8001992671418532	2.188241006531203
-1.8668874886434714	2.2050330670162244
-1.8391417402411605	2.1959911818155455
-1.7534382933738013	2.1717528843215717
-1.727351916164573	2.1595713476982343
-1.7197576412998388	2.15112420079843
-1.6607373827571081	2.1218538804814524
-1.5255705526241885	2.06590579894497
-1.3343040347380966	1.9899114195911325
-1.5683612671905385	2.047928244848963
-1.712977954644253	2.0703258448574937
-1.7664585334549525	2.0613269964869945
-1.8300631278661434	2.056934113521895
-1.804284657622459	2.0288628858978806
-1.9369984835801834	2.062940858599639
-1.9829049721270757	2.075069010965374
-1.950218942982677	2.065345750135993
-1.880124230799152	2.046003976180953
-1.7919851422181063	2.0191685528848002
-1.6132738715780908	1.9639094050473815
-1.382648680663299	1.8910614853699623
-1.5788464625487415	1.948282767702165
-1.6874393894457995	1.974506703285572
-1.7912288518949635	1.9931202035427074
-1.9351978420019376	2.0209409154795326
-1.9881767092824938	2.0175169691810413
-2.031268432030833	2.0049295518281336
-2.1555102851725967	2.0111403240840193
-2.242946109682131	1.996066736351444
-2.371701004073127	2.008242604060751
-2.4212183994338337	1.989479960721452
-2.553506559469119	1.9949919352446401
-2.65267757343743	1.9939009320064123
-2.7513808869526875	2.000387077557315
-2.8224572727514627	2.0011254556949027
-2.910242434013876	2.0076940536248986
-3.1412362444233497	2.0571052871770896
-3.2881428918561184	2.08623280742703
-3.422910609953607	2.1072415124314516
-3.566415512429903	2.118992117417506
-3.628574633224325	2.102561860133369
-3.623866946702892	2.060837834590744
-3.5294025239540057	1.9893420120918979
-3.638098423190274	1.9919727227976334
-3.9507080863235573	2.048595413872734
-4.315850857813402	2.107199212574509
-4.591468171360842	2.1416305571317142
-4.7844700444957216	2.1504825175376734
-5.047018985898431	2.1822122233692216
-5.256141569528252	2.199667917350945
-5.376055426140213	2.192770519278539
-5.596404446984694	2.2176936362524
-5.739297408296865	2.2202943142919525
-6.087500972889036	2.2859788789076103
-6.347711437355169	2.3274709242609495
-6.518313112687684	2.3462271721610546
-6.645440296987877	2.363551907070463
-6.690303001413033	2.368780399097864
-6.673680441358372	2.3680078162274443
-6.582478763204588	2.356958769857925
-6.421967781144744	2.335943210099772
-6.204828158496915	2.3027257401793713
-5.938358152904383	2.256907711754814
-5.671783556743234	2.22193500319199
-5.419176320934213	2.2038188250185438
-5.095583182770017	2.182223784772698
-4.691556099167614	2.143580210320008
-4.341844962849022	2.133081599927509
-4.005058157408213	2.12732927885569
-3.663263227043707	2.115864685157962
-3.2530411166972115	2.083928165001288
-3.0239243503877	2.1042598054035726
-2.7353351020815877	2.102527127229999
-2.411257276307391	2.085849209767452
-2.009752084183471	2.0417189184485385
-1.7991101901305184	2.042028219973949
-1.6392571991561837	2.05293470590381
-1.5182738640521287	2.059425827294494
-1.403657159472405	2.0576825368048097
-1.3259962243321144	2.065596707729703
-1.2177688903305106	2.063004668905731
-1.2676450437120397	2.10835611833588
-1.229817200753149	2.121695510925376
-1.21224956954172	2.142354071337873
-1.1482936553803558	2.1532198224862498
-1.0380511850900722	2.151183552571617
-0.9725272980695442	2.16637242573679
-0.8280914236563087	2.1656333888524957
-0.5834013080318126	2.148213925046335
-0.2900681982816235	2.109652905330221
-0.20429962334022345	2.139900757151964
-0.02588027686115999	2.135994730253238
0.18747154314467915	2.1094109867382724
0.23092797420758027	2.1338713538621183
0.28362616145293174	2.146526598440097
0.4321101125540475	2.1302151302480254
0.6743425412339494	2.0773679683414836
0.9693421225241364	2.0002835083903365
1.0482446952236064	2.0073930056538494
1.214798397486589	1.9743866620723558
1.4637642511157858	1.9038491597223068
1.5134927679636376	1.8857657906869112
1.2565059607992728	1.962661371857118
1.0890208642040446	2.0031125793356614
0.941769176243262	2.0413173458649734
0.8004667616769757	2.0798415229305234
0.7155020783324901	2.1010380281355263
0.7185264757438488	2.095254308174731
0.762271929701436	2.0796077476354515
0.738489713759002	2.0806543962018376
0.6820766701099523	2.0969064565547235
0.7146636766348055	2.082528756326259
0.8279105074454866	2.0401866771272337
0.7527370491166291	2.053862620804863
0.6975429306935683	2.070007808781902
0.6950138687660393	2.0786860489706034
0.6876448120584071	2.090399324304201
0.5226828791232799	2.1586188698817845
0.4472605389239423	2.200676026401062
0.4691849736317563	2.218306873567613
0.5381669821474353	2.2262960666188207
0.6865000701437409	2.209571057144983
0.8943473267885468	2.180809294842734
1.1872327416785615	2.122305550280757
1.576502459880518	2.027340949380148
1.688565541238832	2.0270715521598115
1.8236790916972059	2.008287525943482
1.905637104798997	2.008600234121976
2.0684084846212567	1.9817496871946805
2.2629463327995727	1.9359606672077072
2.337463608924199	1.9222871219873476
2.3597744936433536	1.922204387723399
2.4558638783911895	1.8891730512756773
2.3026915115257283	1.926571461018096
2.248218365945243	1.9265110709268856
2.2844101922754723	1.889629415554861
2.1287315968451255	1.9050680055068285
1.9146371799302144	1.942377985867646
1.7169628449215835	1.9804244724788114
1.5366714863242243	2.011986452015271
1.3266313146193462	2.051415098593555
1.1930445267653065	2.0704068214225284
1.0907771675035192	2.080449393211374
1.067747621535044	2.065564996613771
0.9890060674860823	2.082556016971589
0.9859074408056708	2.076625011387895
1.0588383589054962	2.047232933506496
1.0812403224955864	2.0312932017165055
1.197538226735922	1.9864510294775681
1.0254898283998366	2.0376668033393712
0.9214423579772595	2.045651923143357
0.8949005434426145	2.0093849078280575
0.7927480816510164	1.9962227748149404
0.7197655778434747	1.9657087563734992
0.6881884478040173	1.9206603100850066
0.4979294313544785	1.9107420673662492
0.04985302354290394	1.950590902482365
-0.38204976920657246	1.9763114397115753
-0.8128536697235682	2.0060704946379486
-1.2845006715665162	2.050601735019206
-1.7533072463990158	2.106983890484596
-2.1331795202502644	2.1433922606276408
-2.442050266658649	2.162623680702926
-2.6938543596321947	2.173927540795612
-2.9792919849566104	2.2000721218525947
-3.1760140062052935	2.2022543455317707
-3.297762023118874	2.1885193941088765
-3.3418588389014334	2.158997480867875
-3.461862065877713	2.1719326994850268
-3.5067627841687994	2.170607620657635
-3.461014767407065	2.1574821552201024
-3.3220591485404443	2.1307373484810754
-3.094184360188933	2.07906773451168
-2.884915449022991	2.046434759988983
-2.573653642542947	2.0003361568471996
-2.4518077233968603	2.0225895733299004
-2.249123561985234	2.0261140082018114
-1.9669308426611067	2.0058497397182444
-1.59737420360167	1.9580891901946713
-1.1646370841947558	1.881184055880318
-0.8891229700580601	1.8369897967089042
-0.606737634376204	1.785798324130583
-0.31297955762412494	1.7204572714689383
-0.7255845316487411	1.815234817951499
-1.04436173541976	1.8823917316420502
-1.3363785384420792	1.9375569461075302
-1.5430999685115339	1.9579571588634852
-1.8537611989138738	2.007914414120727
-2.223735200360218	2.0692815955228134
-2.5570239701698965	2.128619400680855
-2.8172975927628614	2.165645828673552
-3.000650696986003	2.1847913935330885
-3.1042025203091885	2.1913052903181987
-3.243769502051478	2.2236921284807223
-3.342877854905784	2.2514488316077155
-3.381032010152371	2.252585234652213
-3.351825972226127	2.2377182812608023
-3.2464694180221616	2.1948534654134626
-3.2053851635449857	2.1668395587956906
-3.326535566831716	2.192483210846028
-3.3781491210447205	2.199674563288236
-3.4929058366866474	2.2270370956774075
-3.5365670708742494	2.2350482736057846
-3.5367710224191238	2.238229890191652
-3.4787832705513533	2.2293346247174255
-3.418606691343367	2.241608947563316
-3.297233789370194	2.2434609462552277
-3.1439237680588756	2.2431853377118984
-2.930118824816653	2.229566622639075
-2.634812600047756	2.1947407655841142
-2.342389455348896	2.167827175877634
-1.9567067665035538	2.1159961213013383
-1.5761481335918726	2.0718514210152277
-1.223914625151009	2.043968374156206
-0.8673548767897769	2.0112612123753926
-0.5182136427054792	1.9758726437280552
-0.22024447057058505	1.9616047360741682
0.029246278925203147	1.9582284280904387
0.3491766892924575	1.9204975341133494
0.4882942507302361	1.9294055012639508
0.7125471197631112	1.907641803262717
0.6690219036439119	1.960288613474322
0.7198166693372487	1.978363608222311
0.7286190656013839	1.993401444451316
0.7210690936395133	2.003882541269179
0.7184656023698638	2.0148819787349233
0.8067988813608463	1.9901558030970907
0.9808837514557545	1.9347616528401648
1.0549746210140847	1.90467335995289
0.8979243760942289	1.9250043161839663
0.8361241854560401	1.9046700828006935
0.4015281185953927	1.9993430480547705
0.050126348396534647	2.06635966758502
-0.21914433379059844	2.1047860998643997
-0.5767712180915227	2.1741951294817836
-0.8534240199020118	2.223019967337033
-1.0598764495213653	2.2553668210955746
-1.1696261515863937	2.262990879590488
-1.3401919293319753	2.301544892044874
-1.4405957596605992	2.326888861568183
-1.4640637898425064	2.3371786649751343
-1.4117496868783042	2.3371082136661183
-1.2697143136070694	2.317392080655629
-1.083727849697332	2.2984799353190257
-0.951136018360014	2.302312368805347
-0.7636470783367539	2.2906818510768217
-0.5240840422945726	2.2657300009182553
-0.2946100625835826	2.2345165801389992
0.030477084432793303	2.1818430427546933
0.22761745444109444	2.1721098386113113
0.48866832559262674	2.1416708872597416
0.8403986799913646	2.088221903239737
1.2622020413752877	2.0119934118158205
1.719413027852519	1.928870247259231
2.0994334757288473	1.87270187393241
2.1638081020182094	1.8887457219361066
2.228915319018471	1.8812659301210994
2.1275924752943514	1.917046841346997
2.1156165610399276	1.9162385269343272
1.9300747093803379	1.9625423074728885
1.7858224342915145	1.9848328484838114
1.7418397190230603	1.970161154982422
1.7924956453452972	1.9218905142538416
1.479645867682066	1.9895783426254638
1.266977765384431	2.021829197639989
1.1388465565101415	2.0266547431942534
1.104432066297855	1.9995622995473221
1.1721151174593327	1.946937831956314
0.996901001919172	1.967986248596496
0.8975904326596051	1.9677477328260415
0.5939677326006005	2.0307557258863604
0.3359242324497074	2.075181643996679
0.17355012173791748	2.0978336618486915
0.06617446074249225	2.1123061603772757
0.02944118074056812	2.101810498807001
-0.01729914823678824	2.100244983003179
-0.002726388748736705	2.0826011488314093
0.10237134855944507	2.0343996304011474
0.009512834363174039	2.051033563783735
-0.04020205205639121	2.056972311003162
-0.012971243149591645	2.032668234822807
0.08242667318064992	1.9808484868752156
-0.07626397173853426	2.0073797958870694
-0.15298179219942093	2.0079646653115457
-0.24684919484725995	2.0054395836047214
-0.24856069660452002	1.9667380680373372
-0.4291033527770277	1.9797525079496099
-0.5401915145056241	1.9643247173825638
-0.7680414180809707	1.9879334859708473
-0.913258522593409	1.9848009333274237
-1.0816863803420615	1.9907454666537479
-1.2131295914363975	1.9734160928237428
-1.5305219078343932	2.0113002956071924
-1.8310108895083863	2.032438229238673
-2.126430649957951	2.0435772355339874
-2.470475788379823	2.064891964139096
-2.7393777773777446	2.049586929172748
-3.465277262053851	2.158852222515502
-4.117967148851394	2.2436153195227297
-4.7051178697024065	2.311515172868524
-5.227771212526908	2.3606727508696213
-5.65922977813275	2.3892183752417986
-6.032523717675622	2.4080681652732627
-6.317968998007506	2.4076027667561193
-6.536995393490136	2.38808569243642
-6.663391786194337	2.358707056046269
-6.718136434457092	2.3131023003683198
-6.776256954954799	2.2807006644129286
-6.82440334600178	2.2652628045637058
-6.902338231259618	2.273435559236021
-6.874930120412896	2.264333538703852
-6.821367829353055	2.2476806772090643
-6.681672732867671	2.212850712528252
-6.449816680816919	2.1625110576762134
-6.380207226757858	2.1573924117974927
-6.316038127112587	2.157302600327093
-6.1985713582020745	2.131699786465443
-6.478332919566175	2.1950959951510467
-6.684252788577721	2.219024658342521
-6.808085933512679	2.2151158396856974
-6.8532783757340665	2.1805368734663615
-7.026328026275381	2.198662913867544
-7.11776967884515	2.1912421497643035
-7.1252240009017305	2.1631516031125066
-7.2910203497862565	2.199519190337273
-7.3716660588875325	2.207172363303115
-7.376581525041668	2.1968477726719877
-7.29677199621709	2.163648044185443
-7.345077980414447	2.183407603067383
-7.41547161393312	2.2179053369059107
-7.401480042993995	2.228439251428255
-7.3702582235117795	2.2497639922660264
-7.2547940637997055	2.244971639941648
-7.053298671924741	2.225916114461081
-6.764280469434067	2.193773551162757
-6.451893752952456	2.1585571774880603
-6.2468352166892185	2.1619165784445293
-6.004925488623736	2.153600891743048
-5.7036157638786635	2.1253743513140377
-5.501389257925585	2.1249461665581206
-5.236637033940434	2.109228042730729
-4.96579894873321	2.09221736144259
-4.663712862619715	2.0624073287150653
-4.463006076059151	2.0567150628172803
-4.190724570786698	2.0226751518205797
-3.8867930386840546	1.97192528371772
-3.624411311118415	1.9237360423092853
-3.6345314811917566	1.9478455691015777
-3.7548991757698325	1.9977449325558072
-3.9048241310335903	2.053499956210907
-3.9750911404719202	2.084535870534211
-4.076195020491091	2.126740874767225
-4.1389871461946335	2.1576101307683757
-4.136617744528142	2.169886913110535
-4.098420374185664	2.1739550949605415
-4.02085963634968	2.166203787704361
-3.886967491602849	2.1361445048000403
-3.775600810176261	2.1166979483390502
-3.6186678138429746	2.0815311916997024
-3.622854491257256	2.090319330150688
-3.602943300320032	2.0899280784173473
-3.5815518881001522	2.0901586309459708
-3.5975531378095496	2.105730868010946
-3.52738472173864	2.0919247551919415
-3.3765486513858862	2.0514199121712213
-3.253660087047099	2.01340334206554
-3.4796911125555385	2.071184999171961
-3.6206113502326596	2.1008771010465854
-3.717879044443859	2.119833195016312
-3.7568322663100875	2.1225360420379653
-3.7498164860451393	2.107764240070268
-3.948059432394713	2.1499513818760327
-4.088367911708213	2.182580879702429
-4.145757393591092	2.1962408806198606
-4.142962829048706	2.193808367532457
-4.152851578624424	2.2114465812200064
-4.095288203744092	2.2256056807245908
-3.9997046967260377	2.230494720715621
-3.8527538558444334	2.2286831187927336
-3.6713343351950085	2.2216156287423794
-3.427645711107507	2.204946212747401
-3.1160385781271853	2.1644041517490353
-2.865511820158501	2.145066344703218
-2.708137978153263	2.156457024025594
-2.493900280884554	2.147965519788196
-2.1991918699882205	2.1171889722166393
-1.8773880332728605	2.0759018990698075
-1.4941371063993492	2.009093802694906
-1.1862037223351505	1.9584315839095592
-0.8316716128153053	1.8886873526936245
-0.7176866975594781	1.9038147398208962
-0.7755204088838722	1.9660105610667853
-0.7413636848252039	2.0059275311543923
-0.6688110048345278	2.037684857107123
-0.5538185387072628	2.0618581044644295
-0.34164858565125883	2.0537270021471183
-0.08390719064725932	2.028056152782356
0.09324741329426406	2.0239424086479043
0.36288852214106204	1.9827176337809695
0.48900699688535426	1.9741571317181523
0.6550986001486115	1.9415352192045154
0.8936729743260032	1.8778838439583736
0.7183971618538604	1.9416906715811748
0.5880737392375455	1.980972914356549
0.551336355413659	1.984165289563587
0.4631362320057669	1.996851664172683
0.35658223215405105	2.01706508081675
0.33308230138195727	2.001214840213843
0.3744220966538757	1.96192202197669
0.22679716261295216	1.9870240830797852
0.12624321147256615	1.9779658374052813
0.037970002698828755	1.966592557841939
0.018736683462724977	1.9253931652445646
0.01481730747452933	1.8710465350542915
-0.26925497559445544	1.9064475160430352
-0.6200243633600265	1.9508719491651896
-0.9421521411281303	1.985487481645025
-1.18171990724488	1.997202898682287
-1.5462379511961386	2.053263749468374
-1.8483804659090148	2.0923933899950353
-2.130424806473843	2.1331690587386896
-2.3244374152987612	2.15337103950639
-2.427376614515176	2.152700396348247
-2.4499575591809166	2.134698048145744
-2.525014445183549	2.145991109884576
-2.636044242954129	2.167627742853064
-2.6682302711882775	2.1670431232767973
-2.609484445503201	2.12601245891787
-2.763007744319615	2.163126425811311
-2.8300865003844247	2.1678769918754477
-2.815495110274669	2.154285876795044
-2.7369704743005907	2.1381839900341237
-2.6196428724415086	2.1188491914009764
-2.459561503861707	2.095088013913534
-2.2199644354100863	2.044490869754729
-2.0549862839992543	2.004282884063906
-2.004712861145569	1.9871785073755641
-1.86458004999598	1.941448607383694
-1.7903092565859429	1.9043740245033474
-2.093340168348253	1.9546808071248378
-2.432831499543184	2.0179274846414277
-2.72474885032164	2.06082150133831
-2.9778911881905903	2.0936860454325097
-3.226381520744946	2.127923016940629
-3.4045445030970063	2.1335487233232953
-3.5106691050818455	2.1285048443120678
-3.645426815112249	2.134377322317367
-3.8786074477296877	2.17383517149186
-4.0194617318194625	2.1821142704530168
-4.097097356132982	2.159075757046756
-4.1428779775124935	2.139871289613776
-4.108439134438956	2.085642600822434
-3.998466828656929	2.00600842260851
-4.105123356733107	2.0379916884629488
-4.129796573106742	2.046544723839678
-4.065663560489728	2.0288167138691593
-4.0063579161084295	2.0159809354441993
-3.9777721402302113	2.0234267673725834
-3.880499937067177	2.013100270266709
-3.698341796857139	1.9788951342218866
-3.6186273694526547	1.978080568921831
-3.5190237911942104	1.962428350346068
-3.6325287764740133	2.0091037064018464
-3.6566405934373654	2.0179515113904984
-3.797294427086498	2.0680698748780575
-3.8677367669790357	2.0799891866644318
-4.0060020753950285	2.1078298270663214
-4.072368949547806	2.122965572293745
-4.073907176903817	2.1192451944515867
-4.051398389611684	2.1145375753821076
-3.9907533752686866	2.099625626310676
-3.8565487406413257	2.0612969215289616
-3.9586420323843323	2.083084048998137
-4.008534529181362	2.083672495093434
-4.103797475589423	2.090278554702777
-4.185921932348392	2.0935579038697334
-4.455648955933624	2.1519292983410176
-4.672560180250106	2.1949342451419693
-4.805501085923488	2.2216688437270227
-4.858795100492631	2.227817813781757
-4.846737320338139	2.2215848966539653
-4.954662634824553	2.2549189503763727
-5.001080984341019	2.2749895436148786
-4.958784328936762	2.2851819669553604
-4.833127386188518	2.2761595524598235
-4.68684169744403	2.2682618662617022
-4.48352894384849	2.2613111848904732
-4.195696694561701	2.2475590436969304
-3.862091190859123	2.2242777319533116
-3.4331635619550633	2.1865260491620235
-2.924307537813182	2.1324307869499983
-2.3497014936353993	2.058898522351527
-1.6896459496863045	1.9557804205357598
-1.2640786042410477	1.90897902416651
-0.7886165770060605	1.832990173079567
-0.8186799972588402	1.8796383764552536
-0.8732898433104911	1.9228226817704033
-0.9022220351848778	1.9483422439128628
-0.8995062134649456	1.9511858177635681
-0.9848687920762272	1.9823060966657928
-1.0665955799833826	2.007183092804539
-1.0741293033705666	2.0033915515694507
-0.997784132702096	1.9668464749860683
-1.1389257851799672	1.9981138226678707
-1.210193997951596	1.997060143932158
-1.3141067297247857	2.0159970441609545
-1.3613928568134095	2.0120389687890694
-1.3482403726545074	1.9947331356262579
-1.5171729261158091	2.0470006057101955
-1.5936404410465907	2.077617352001435
-1.5947233938453436	2.0877848465710973
-1.5633064517576387	2.108770897526676
-1.4478604768932148	2.1066555656352786
-1.2516847185243416	2.0897869774993367
-0.9694752163517193	2.0389575285590738
-0.6024803140535171	1.9626523155376616
-0.30288817995629025	1.895723318453628
-0.4074341348388219	1.9389069612723648
-0.4564044463170168	1.9643974733752656
-0.6313926415440835	2.0336213965656356
-0.7242900738996868	2.0707866091629645
-0.7763650844258028	2.0980886433569554
-0.7317191732250952	2.10373511379394
-0.600572811614172	2.084467133181808
-0.39635289682394403	2.043158791245229
-0.523888477498423	2.1019596529097204
-0.5871789051682007	2.1343167277800212
-0.5880943367792961	2.150400014402038
-0.5058840532324425	2.139264824096313
-0.33501942770328336	2.1030327811420633
-0.2287904605475146	2.091791766839187
-0.08244234089345472	2.0610556982849246
0.033558975175548796	2.0544525931521895
0.0966365023123495	2.0719692933005414
0.2463616402738585	2.0612389340256665
0.49276326259214703	2.022778933464165
0.6341674383050888	2.0159763635747963
0.871066959866823	1.978179107440309
1.1398686867389949	1.921994105815504
1.1918843563335293	1.9261093836472143
1.0476171368577023	1.988933776480242
0.9837741884630472	2.018267045854292
0.9211380397854719	2.042005683465198
0.9256225760040642	2.0379729659879278
0.8641135523185315	2.056201749224025
0.8529382369490217	2.0624865977821827
0.9187003040569233	2.0417313015795195
0.7285606321336399	2.0936562641198324
0.6247111363214611	2.1161577327863297
0.5892437655461493	2.118330323791944
0.6325832436006421	2.0952906054379854
0.7265526326894055	2.0526784307612203
0.808507796722328	2.0147152687109413
0.685639335846135	2.0250787494963602
0.6630338625629544	1.9988609468676601
0.6101110864570419	1.9769021540150271
0.553904851828329	1.9407480250511318
0.5734421436720589	1.8696836778953343
0.2788142960916598	1.9210012604074946
0.045913440625587276	1.95654350280859
-0.09210079903039299	1.965480251980095
-0.40585669722088535	2.0139855534011994
-0.7260520681973827	2.072140119482964
-0.9925638157068005	2.118351853996853
-1.1740617286176251	2.1495173076344645
-1.2862453598871049	2.1627444665276454
-1.342257492729989	2.172066558726513
-1.4256712813454033	2.1959703347394073
-1.4077407592527633	2.2001389200931185
-1.3071379841069892	2.1838462045631624
-1.155783446611243	2.1488325015780663
-1.0385709901143536	2.143432691800364
-0.8275568330825076	2.109604711876047
-0.6518427512367779	2.0911477509146694
-0.3844783405234729	2.058179761631367
-0.2432665406217652	2.0598840988671805
-0.014841904964545185	2.0399235841073966
0.287918354479095	1.99846907493459
0.5965387654772726	1.9610346509026013
0.9210158959486652	1.9132494829520699
1.2676493825758361	1.860359004510244
1.3302565257262475	1.8806171649560515
1.1642241055479463	1.9596264636239127
1.0798750184350396	2.006105871325729
1.0546512261509586	2.0290450565484046
1.1057197306296607	2.031520988858591
1.2464066381899195	1.9998782740710033
1.3093432473507693	2.006861934924356
1.4217087043723187	1.9953606457849467
1.6050157551614577	1.9625244274952809
1.7348537040388095	1.9499799046816533
1.9690441020158378	1.9133633846087457
2.2537555776969054	1.8667374566361914
2.5207532511881894	1.8141585470517123
2.673762876937388	1.7750066118303838
2.3379970240532493	1.845338897035375
2.0816274768019323	1.8787964182168673
1.774943629806599	1.9123862535912923
1.5300051310823728	1.9195236302323926
1.3559821192537609	1.9071700565657908
0.909643159027414	1.968244451435265
0.5097034552929273	2.0181879089622217
0.12348205549701953	2.066053233771878
-0.18730635033426055	2.092615747165963
-0.4144228882493831	2.098050211113053
-0.5824725410853728	2.0945868301107153
-0.8633991812195582	2.1381168588797337
-1.053356401466583	2.1655156466815915
-1.1488244961509584	2.1793530365056357
-1.175623348956235	2.175040149008199
-1.3366308784232368	2.212886445347436
-1.4284168524156662	2.2276669903803814
-1.4439875344343343	2.2172597584090417
-1.4147445060180344	2.2008359403144166
-1.3118499399953265	2.1689731928208618
-1.1589955304147261	2.125609279832457
-0.9406905411909237	2.058931515280527
-0.9109948101479346	2.051738026881854
-0.9704889759205212	2.0733900995362426
-1.022389473715956	2.09057802252631
-0.9994082455030888	2.0871075324179387
-0.9338935551072988	2.0748641787564748
-0.9389967728788474	2.083503410266247
-0.9180538690760764	2.080766267204329
-0.8041484587716073	2.044364738059825
-0.7918191200884018	2.039263825817021
-0.9532968567919692	2.0889867045726764
-1.0320670988298113	2.1178018552937945
-1.0287229553776034	2.117592634110459
-1.0814793015347701	2.139866074052425
-1.044617266552896	2.1385148331735606
-1.0552486552604698	2.167218104834184
-0.9847136203393806	2.172003785159706
-0.8562438837847556	2.1568732062318006
-0.6820643072936194	2.1365357362645288
-0.4542440135812995	2.1061506158591605
-0.1442521065854639	2.048700220982907
0.07663298135250429	2.0347158794322215
0.26457358655297303	2.0336814499537015
0.42598232435447975	2.044260373352817
0.6745062231107819	2.0178914517129956
0.8472169511427377	2.0118362692077767
1.013978568312933	2.0081385347164864
1.2717586709159632	1.9768542173040673
1.4214659977016884	1.9579025037531115
1.5561261689654098	1.9316577626000062
1.504070167790768	1.9500474007686448
1.4776779017187345	1.9503819123046575
1.4012958909298139	1.9527076556925262
1.161153486352494	1.99568683423769
0.8440908077543213	2.059010398325429
0.5779696510970046	2.1029120733218933
0.3481305087897166	2.1372468563828786
0.20604188131241447	2.148058541347759
0.1537631996812379	2.123274563523788
0.11510629094389797	2.1009909447241895
0.10313749654983029	2.097984397413933
0.04065344162699016	2.1360537412547984
0.0704790619453003	2.146021255318546
0.18999722303020633	2.1323699412041544
0.299792659599969	2.1347085873508234
0.48173382260565173	2.125217558365504
0.7613070456006132	2.090284461968144
1.1374571247900402	2.0279044924857335
1.6027658879070656	1.9304714698820606
1.7273353259571935	1.9512148754441785
1.9112684304973822	1.966765161879258
2.188206002931818	1.9526147710628357
2.3292600105278103	1.9941894484945912
2.4670582934498224	2.03259586398518
2.6382365731425153	2.0602723989936615
2.878746370547538	2.0703472588676197
3.1919821846497456	2.0600494020647244
3.587366366345853	2.0206660283152895
3.856769303257446	2.018271942386587
4.220826241589887	1.9747912724419718
4.656154631409926	1.8900559221471984
5.034574234830149	1.7976366734803473
4.7655509603700175	1.8693966027001232
4.575239384372324	1.9005498986928353
4.336197200008836	1.9460251170511729
4.115671265792713	1.9802575114701977
3.9731245942994957	1.9793903894283513
3.7544183595755265	1.9956918336689025
3.6078308170734714	1.9928374171214238
3.366881385599344	2.022824875631595
3.125977058713007	2.050809495779233
2.915873109262305	2.0673136535663974
2.6755418826013115	2.101289758780265
2.525395227004816	2.1017940630395864
2.3024992041372996	2.135930572836097
2.160320094034751	2.1458662953245207
2.0524839460906583	2.1498824236408884
2.043594910452503	2.1283504702368097
1.9576124756230366	2.132353064993046
1.9671979552441623	2.112039454815512
2.0514181248774226	2.0686701465455006
2.03504546334314	2.0585762473484186
1.9980366349819159	2.050700156650607
2.057787388689544	2.0113385434307633
1.9007799547005	2.0362342555517867
1.8408866401181117	2.0351297006893487
1.8704400271438193	2.002869244444549
1.8744276574501662	1.9687372938456613
1.893028892974123	1.9377944634276216
1.807694080641564	1.9415640493973712
1.7911734050752937	1.9294876581524805
1.4967145532614572	1.9970602622702687
1.0942284934483635	2.081806668808418
0.7790112635867649	2.132764530103418
0.5639919524802297	2.144382935420933
0.38108262545846355	2.1502136178929123
0.15518623488462674	2.193978614014581
0.009526570089212696	2.2125223475153053
-0.04300403548717263	2.203704330242018
-0.11029397954844607	2.209437268097385
-0.11852754717606287	2.198814744703165
-0.04584755328157667	2.1731037237151707
0.11110586766716242	2.120489807333955
0.24009099635800854	2.0735204766682975
0.4297480884992729	2.005687751656322
0.6610804472489418	1.9226783281567958
0.5019938915798142	1.9542912989195402
0.34472310766894076	1.9880660111550503
0.2708982865168949	2.0013824359486114
0.2669050952794704	1.993867926873935
0.35336317691724994	1.9527169090123102
0.32716984175999264	1.9516281128010675
0.2849973667719799	1.941316329598035
0.20151376647816197	1.930733630975717
-0.007258489425263697	1.9492387352077079
-0.3593683967009047	2.0060502619627703
-0.8050825820000995	2.092743215742321
-1.1542207369696895	2.153597061223265
-1.4132485765304603	2.187528834369219
-1.5833193609695708	2.1909929044163037
-1.7389328736154346	2.194217560528542
-1.8595776785074583	2.2000938091471443
-1.888901745488699	2.180605877563088
-1.8529724349308911	2.1405780621803294
-1.9499646692339603	2.1443840581311147
-2.0513652971152125	2.1505209844563087
-2.1315903202281787	2.148439200278759
-2.155410496193252	2.125773971008915
-2.1144828751568587	2.086858209967391
-2.120400144866162	2.0776520475910045
-2.1254778783529975	2.0748622467155746
-2.03617524407118	2.0382125939316595
-1.96978573208588	2.003979680623845
-1.9698322298808943	1.9801695186848733
-2.0534621177084786	1.9699769642044083
-2.086130064469222	1.9431310855459876
-2.2480846654626774	1.9511118719183116
-2.6153685680685537	2.0158561131362984
-2.9801910124075013	2.0767915052891164
-3.253086367122727	2.1101476527442657
-3.515542695019273	2.1453406971764566
-3.8511074721079464	2.2145268899892097
-4.147731605776903	2.2799306454062434
-4.361876532633297	2.3170325007293657
-4.54429847766664	2.3635203103303364
-4.6478678691033	2.3936145875178108
-4.679231913866481	2.4124050062034934
-4.621335293525526	2.4156832013488287
-4.4997027174353335	2.404307425188174
-4.29239260646286	2.3654138561320694
-4.03287976177837	2.331023988586933
-3.7464870618083292	2.306198996188014
-3.3797248480794524	2.267194217645987
-2.924470961297551	2.2087427154013994
-2.581447249563767	2.2027016974998044
-2.146644742645396	2.1819932290324537
-1.7674815328161588	2.199465074701602
-1.3060702892707645	2.1946898658141927
-0.7727871707239214	2.172808243358155
-0.18416655400749207	2.1369825996969443
0.37602635299716897	2.1164922912045494
1.025633474935356	2.071870543205813
1.691896006567956	2.0186612045446704
2.438868873997986	1.9415315442904602
3.081307800263157	1.8902657339382625
3.414227092665206	1.9183887295781692
3.834754624771389	1.9126136270312866
4.2933182179699845	1.8847176509436647
4.717978662166296	1.8638046121941712
5.102144317288242	1.8465136220796952
5.523116233964387	1.8196435432571572
5.629498767520933	1.877741831073205
5.755209325863613	1.9242963861929776
5.957411163397813	1.938860571993793
6.187542539963479	1.9325342796223415
6.334680696505993	1.9440469034316752
6.38771796602844	1.9765066216915792
6.443189166746609	1.992636990504146
6.560281775668843	1.9893523987649604
6.487500944379521	2.0312712686603582
6.464970200058601	2.0583132748704798
6.54073788790232	2.0560196617771793
6.713167799112447	2.021307913576309
6.98125902957487	1.9460717392419697
7.099156963220373	1.9303163912710657
7.016183007282169	1.9641530485704366
6.976871734106931	1.9799596561593866
6.857233032738021	2.022353353820688
6.834380128593051	2.034996881124904
6.903651725194904	2.0113939769937907
6.9794538869890435	1.9858300762118837
7.001630759396369	1.9773787436931056
7.101647972101177	1.9375847316856123
7.078800442687218	1.9355620896887502
6.879668368250772	1.9957876342814707
6.725109927872291	2.042121233768125
6.56721919790285	2.0871302847403896
6.505174842013344	2.095377540660752
6.507737129835642	2.0886705363909943
6.571259825094953	2.063071056368359
6.703864928233199	2.0121915570691304
6.569276834934861	2.0512419155012696
6.536087950226049	2.0529723784744784
6.544277787369281	2.0466124837595356
6.619311621857678	2.019780666013054
6.692376546433081	1.991395968480609
6.578839435071155	2.009802697854633
6.56873413448163	1.9980868673596563
6.427662073452736	2.0130234810522096
6.179433773304394	2.053988555722115
6.023088238246981	2.05683010728527
5.849345226992202	2.057998651212188
5.76676931667147	2.038034043023976
5.593080408957309	2.033460601780221
5.417907830717077	2.0252038602010676
5.331227009387414	1.9890835709016261
5.200427226214549	1.9699035833406557
4.9911285072103295	1.966769316024189
4.878022848419452	1.9396306772866625
4.582633221045565	1.9590691126988544
4.390176456223981	1.9434536759159695
4.192353423095332	1.9173985948951702
3.8639863736610054	1.9362817841559214
3.4583427269553746	1.9848629690881086
3.152442617274039	2.0014842664049013
2.91481363630864	2.0003909979242307
2.6498217689904395	2.018576874211845
2.2984442248283847	2.069099437931134
2.0472976699681853	2.092185919811718
1.893870378531033	2.094699678008007
1.787999636612964	2.0877484880379416
1.7664952837018508	2.064587995814342
1.7173899542965108	2.056561807607166
1.7514123493995515	2.0229410602636873
1.6158199936998683	2.0336111766903677
1.5435097388900039	2.0218898308036892
1.3380447665491175	2.0672968169996175
1.2221784620739526	2.0852568083882845
1.0916160959419856	2.125052377777937
0.9871779672213224	2.1586627470858804
0.9770006862744578	2.170337075363258
0.9490511369272367	2.2004731254885117
1.017419006448715	2.204993152690625
1.170387818724331	2.181164444913724
1.3821490311156626	2.1417398123701528
1.7013056019429231	2.0619731015732836
1.9420884396861926	2.0007463268652597
2.2672111465406783	1.909352932626253
2.2211597133396404	1.916409132413756
2.0237424561096162	1.9556339774863756
1.6635221697900147	2.0464412203139366
1.3575011013574831	2.1220289303678057
1.1412979835143118	2.1731804996916533
1.0210077417100492	2.1950944958898075
0.9678267722810784	2.2091838247398226
1.0132874628322392	2.2012039683002333
1.0804222069076734	2.193398287806678
1.2060565669875902	2.1755942519528024
1.430461017809036	2.132179135452848
1.7437939963663345	2.0620421161275675
1.9689974028717312	2.0342442737570616
2.1831073271795147	2.0132807946164784
2.478088913495798	1.9702246150200657
2.7705126148596175	1.9288059902296126
3.1340082627293575	1.8651748134504837
3.1310562888957074	1.903717401806861
3.2365060375209227	1.908400689628631
3.3957518218145157	1.8974816889444768
3.3922142556731574	1.9384361184878913
3.238427870719682	2.0101535601490004
3.1673156452804916	2.0408125484789337
3.104795111936188	2.0731541980714794
3.1124754113757485	2.0752976878596474
3.2024882401582597	2.0492514009282212
3.3878636558714383	1.9868855760691226
3.3829438043245257	1.981231383665231
3.436502121779646	1.954100631065655
3.4175774377836916	1.9378978950749592
3.4256408573382946	1.9086693358800764
3.102120262620704	1.9765375153982725
2.8100856302036807	2.0227970707404497
2.6214156485285574	2.0419395055724068
2.3560640082617756	2.0856419278850455
2.1879289299667177	2.102618680203198
2.0385088209577296	2.1172646774232167
1.9063998805395888	2.1194673496299297
1.6107631262108573	2.1810392111367287
1.3802633900511352	2.2271247903166707
1.2382795507826354	2.2505571131180386
1.125149072669097	2.2738690484815445
1.0992352552002125	2.2829898571426472
1.163384917362281	2.2784786863509763
1.2270358648745028	2.286667149340637
1.3710085330989001	2.276521310339169
1.4974056490894403	2.2888625550770025
1.6824621285033723	2.2864481705543724
1.8971148531749817	2.28915069150858
2.2101237958008615	2.2741765227075783
2.6198205929566294	2.2273314292657127
3.1049981714196497	2.15904269975875
3.517987454827569	2.1190711322607276
3.727838851049054	2.1216082469185635
4.0029743013036505	2.0971978647935474
4.246964020099447	2.08568186956028
4.399230667915131	2.106078515286053
4.59756294896652	2.114519572528519
4.893595635900901	2.094067468836742
5.257966881605271	2.052763409810553
5.682822078801204	1.9954466406799565
5.9730488426613455	1.9877680606065173
6.332558716240624	1.9649279838733722
6.730446720178706	1.930238745605845
7.221644765326844	1.8610909783295744
7.762017748458644	1.753598316578264
8.274716539631935	1.6210224739649768
7.559999637448405	1.7572607500722273
6.9026757339621385	1.8549928426100237
6.244652672657439	1.9442198162071418
5.687996795886354	1.9913348732749216
5.2290301203377005	2.0032633580684873
4.858747401540004	1.9794713401159885
4.273387941714414	2.0316060811712013
3.7338269215125792	2.0671500689072517
3.1548524157997346	2.1201534757737766
2.6461607339488107	2.148726266128627
2.0225064304747526	2.2191961671534224
1.4744442483746665	2.2640290968002557
0.9997968868061619	2.2943953526272707
0.6110370734825447	2.306725580486134
0.3212276985232871	2.3021827773185652
0.12690264808616553	2.2743029219244324
0.0001791022377367077	2.239855196196058
-0.03568418777046413	2.1828072774423166
-0.2413110949708602	2.1895096941084633
-0.4173030923789446	2.1959061929560972
-0.5488095251882369	2.195903768301289
-0.5938577472120459	2.1769091668837275
-0.5513925424330297	2.1311718062670066
-0.5054932317953179	2.0962464861329346
-0.39896759617463873	2.04576444827419
-0.2191424736776026	1.967743389853528
-0.18051130281648042	1.944557613006562
-0.19362087836962047	1.9398368662329495
-0.19950578770196425	1.9368044227267924
-0.25313231188832913	1.9557255416414
-0.23739357687294135	1.9486509947402169
-0.14941620387639454	1.9093089065736466
-0.0514844027148932	1.8546362497038922
-0.3601838402008742	1.9118795042219536
-0.6565990816119656	1.9632927279620853
-0.8587162567405422	1.9816758214838366
-1.0257593359388406	1.990621168148904
-1.1736806041813346	1.9992418517429746
-1.315792334788268	2.0061216303656004
-1.4483091313903735	2.0126514891902754
-1.5252431752236848	2.007076052872744
-1.524068589720392	1.9764361262957848
-1.4263547391836344	1.9192197062148009
-1.639580795615425	1.9445603949411154
-1.7937068940965213	1.9561696902144714
-1.8558221528487229	1.9380892404942545
-1.9792638855195657	1.9457565352941244
-2.0186686493619517	1.9205392672003763
-2.3488740552344107	1.998307745741523
-2.6032193600571927	2.056625987478448
-2.772346151772329	2.090008599374484
-2.9001400503945045	2.117366032254086
-2.9405212012437483	2.1230047072689584
-2.9256765300862053	2.1213460125284214
-2.8473723712833907	2.111200517989267
-2.7753053081427432	2.102993538353092
-2.7016882784108813	2.1024109100840813
-2.6505341359377166	2.130553458567892
-2.521188519083345	2.1392879535013
-2.3928119518270896	2.1589629455252846
-2.1744101574414456	2.1603151860778227
-1.9236572321951024	2.170217850037836
-1.5886501186133979	2.159685818282734
-1.1962100261761488	2.1361622704160492
-0.7085628359014565	2.094976480104627
-0.13184508266763795	2.0313351813744918
0.5275637563354247	1.9301437477716064
0.813560767277914	1.9344501545594173
1.1909779278753674	1.9004186234754474
1.5632938138100396	1.8537121172134827
1.9499930446736902	1.789918637432556
2.0249993771624744	1.8080408823419871
1.9705613662116015	1.8495397218990872
2.0199718860914637	1.857732806212177
1.9262172514722813	1.88548853909307
1.6100634141092187	1.961692587985886
1.1578665567702782	2.068594555791844
0.8017254161466129	2.141486596671416
0.5396199314241376	2.1800776881092347
0.27654097013604567	2.2186726103636727
0.06977941489670371	2.2626930415407
-0.04511557314626862	2.2894544679104105
-0.06606481667896365	2.2858029030248694
0.0058390763773152774	2.241749082604114
0.17234113358996414	2.170391577710044
0.34093541366989016	2.0944710574165244
0.2806028909901927	2.097211768448418
0.17778571989520228	2.1371833160971363
0.16504633416000922	2.157806300733786
0.24180651268461603	2.1455384630416163
0.2441002240554024	2.1679482588695342
0.29502321509136237	2.1811418865514454
0.41192992161329506	2.174311629461876
0.5115803140466612	2.1784349706388726
0.5622911793042729	2.2015186839394505
0.6673878332589117	2.2077505891970017
0.8660194269919457	2.1906474545514674
0.9618098922143768	2.2166309689186683
1.1417163818905232	2.2133962303141956
1.3775102466889853	2.1961658437401357
1.649752634916684	2.16671347368511
2.008183836567375	2.115477037401837
2.1445787456351932	2.1353103683067323
2.3758536568403765	2.1270556664467106
2.632858106848377	2.114331099233698
2.987144273955702	2.07503623122431
3.1279656957975845	2.1026715613674494
3.323085786665913	2.109806404971353
3.500176186343173	2.1215714216248465
3.757118468505863	2.1044188513791706
4.0776726015995095	2.0683033100613173
4.450468350257688	2.008831488704231
4.9175844121270265	1.9182604697495382
4.866069741233742	1.9670009690612706
4.764620048030172	2.017488452192468
4.756344212540469	2.0243374855694376
4.551660694518457	2.08445903672625
4.401236026254184	2.122808991530669
4.2652370347177175	2.161767134310161
4.224960092006018	2.169517090246764
4.216167934373136	2.1740400212526105
4.230228297746892	2.1779690972494574
4.3339261730107115	2.1582148058563826
4.52624409777377	2.1082472391768574
4.812039911313461	2.0297544491388075
5.1934880850995775	1.9194613304487833
5.089846610802799	1.9544274376017272
4.893362792144287	2.0252045696856418
4.753653899770349	2.0804610019652627
4.71470114337619	2.1046110834230385
4.742717099169594	2.1035579148024004
4.868216448306263	2.072791870709811
4.900635386437375	2.077946498734715
5.03417378091172	2.0528132539658914
5.236800249725499	2.0051072999766237
5.530908518242929	1.9236733141822246
5.459950724850723	1.9504750012213528
5.474001646021214	1.9373716051481829
5.3318051044393	1.9710870569727774
5.276185388930146	1.9670709925841148
5.3185977314549975	1.927648515689452
5.463983180728157	1.8462478558413118
5.090027415583849	1.912187410523275
4.779541407533909	1.9703914699594587
4.540388340475541	2.0054754507023542
4.300788882004761	2.039807011686057
4.160538093359888	2.0467518536662985
4.09428487156373	2.034382377745227
4.056769528722837	2.0100065368336897
3.832658023110094	2.048184317712361
3.6992910918697466	2.063470557951598
3.632458918148519	2.0595317533847086
3.599049138101062	2.04744529666317
3.4467436075530777	2.0728907950692506
3.303456435732621	2.1022313619452913
3.197179822535439	2.1238467828305785
3.166604736868981	2.11662282005808
3.0801366981143183	2.12113475774883
3.0352644710158247	2.1152349274361115
3.0825061056796814	2.0885189909052624
3.09909967777103	2.066830004140631
2.9563882208857915	2.1098238825962996
2.8460616827107694	2.1415734862668896
2.7931768325753676	2.1493618719083933
2.8392931426100487	2.1368978010165898
2.970223196303722	2.0931049983609267
3.0087488611331823	2.077771149487021
2.85797441838753	2.1206771421094297
2.7802813819055108	2.1432338732949643
2.798768428551556	2.1385443892191005
2.9065021601881447	2.1021996657451405
3.047866408526523	2.0599727634167495
3.2358933344741114	2.002685606476495
3.443530139447126	1.9385418507986072
3.747219697610761	1.8411047799916556
3.5665120889504034	1.884947729898516
3.4879180141000363	1.8860324750352702
3.2603987132072394	1.9219950187037964
3.088737846601909	1.9322234477274347
2.829660915027761	1.9683959322493838
2.498627093422374	2.0178635893507906
2.2091799351275703	2.0581188980063634
2.005236566712355	2.069704453100435
1.9002369093443956	2.047041165657638
1.793773031029131	2.0290113900214477
1.6703374050204836	2.0220840519491294
1.610808241473299	1.9982919777988954
1.633583360241543	1.9490763518153527
1.540578311242239	1.9275823180609757
1.1171069417221815	1.99577126016622
0.7937937439208829	2.034956162228937
0.5582453464832664	2.052241517720212
0.36958172665414923	2.0632344589389557
0.18622691488901827	2.071638304610307
-0.04055927075063487	2.088241338952058
-0.1634270678982279	2.0958580961291755
-0.23216423516929605	2.089297401460518
-0.22279751271780482	2.067657853186284
-0.29130371073318423	2.0690734955033716
-0.38267759774275706	2.076778099731402
-0.3750212459837303	2.0633589151949
-0.28411162476407253	2.0345170040141882
-0.2790924975511662	2.0349265739415694
-0.33011702899341866	2.0443856697921916
-0.46274845676338033	2.0873067967729586
-0.5123080681336697	2.1028002292702186
-0.47037572499555347	2.096878003639024
-0.43778734201115455	2.0984025274624107
-0.3558771169443176	2.086685472435235
-0.18008650734836218	2.050925569957672
0.0190441986527257	2.0066743804490135
0.30836781659683127	1.9311500017427528
0.6040547211861638	1.8473453795805694
0.31267809931891216	1.9252744969159015
0.10563309082332469	1.9694342473862283
-0.015331635757693095	1.98364293485336
-0.28226525750697623	2.048394860705534
-0.46237021383766685	2.083392326691455
-0.5509039354051817	2.0845761929030275
-0.5938786636931295	2.067285507355305
-0.8003268457356556	2.1218802946353774
-0.9083080368292024	2.14743709599604
-0.9353237016213009	2.146830289146801
-0.8881763492490518	2.1184841036340814
-0.8592161375629405	2.106182362798467
-0.7916972536526936	2.0847038416176855
-0.737963347876175	2.0829872259428197
-0.6181013538484775	2.0652471357715814
-0.4858721326776574	2.039733751989922
-0.6323856589496223	2.107974118366223
-0.6920901927551916	2.1424942313759394
-0.6699344356092284	2.166052664333652
-0.5568256950998252	2.164900829446206
-0.3460122106174537	2.1391012475875284
-0.1637852852501645	2.135549600202927
0.04997849002251566	2.1298633983092916
0.3322732605790737	2.1080399640201914
0.4533357806681696	2.141785089213295
0.6644046880532614	2.1463882757777517
0.9567819104331594	2.128168636549705
1.347283072011348	2.0803357354663
1.7207617527088517	2.0362822408641947
1.9803418052881636	2.0352806822832332
2.309123542851735	2.010414133868454
2.736414640528923	1.9499834240157539
3.0172022043544393	1.923858243665016
3.1076472788823675	1.9412531340670784
3.252134696214152	1.9291356347560826
3.486875790598137	1.8795331595712568
3.596002069916328	1.8551592731022533
3.485429161639547	1.8776386704530508
3.4660818746491393	1.850555654842779
3.053570750999646	1.9193011914685552
2.5752804028145673	1.993040171151319
2.1722988603966416	2.033135602819
1.8652019260698716	2.037213135618678
1.6387249905598376	2.009269192863996
1.0764789518620317	2.0879713206078514
0.5994837755975921	2.148037026865478
0.19815104101662712	2.1804884851061526
-0.20023369345672215	2.221134728579141
-0.5044155038225182	2.2402878224703935
-0.8113021078248296	2.2718400734278403
-1.0757414264657015	2.2998163820813393
-1.2592066561551203	2.3059299025366977
-1.349634927924217	2.29161985003896
-1.4554776609168787	2.3072251924261704
-1.5124655890755248	2.3273218789503267
-1.4844035040498205	2.3200628043755613
-1.3640455883040272	2.293432098816692
-1.1445159964665064	2.248676688766683
-0.8423021765516284	2.1905683192035728
-0.5563907416903836	2.144264866349862
-0.18444349634262927	2.069085395677175
0.27690835041841716	1.9599144875082486
0.42779524889598647	1.9657441515736702
0.40531600142882857	2.025784365172192
0.45060742708384943	2.0671082825772884
0.5404652545777938	2.0991060981474132
0.7067264021311197	2.1162748097226314
0.7169597871960948	2.1667752905863855
0.7485525211432787	2.206697116567948
0.8886248274716528	2.220082717065528
1.109359046562393	2.2130319387647335
1.409471374887181	2.183908382533054
1.779312941115806	2.1281339855282884
2.2492315911502394	2.0412569563592005
2.7499693376336536	1.9439764707239433
3.148645026730451	1.894767222396746
3.63580009162719	1.8010249853144902
4.188666238137819	1.6650930722360913
4.094675353806718	1.6989496639843928
3.5688128566254083	1.8133401958910074
3.1349981413508665	1.892192863285761
2.780569287608861	1.9357642394803116
2.496236355707417	1.9526100397399304
2.278547729210571	1.9438609335946826
1.8856413857647645	1.9959587804071266
1.5863099488409356	2.019031436029182
1.2910018964024048	2.0397197492525385
1.078398848567917	2.0357760228423705
0.9235607981039727	2.0179420457649893
0.8282328382813823	1.9772125296774559
0.3439050693395988	2.072372806992615
-0.05554080757368069	2.1403880334808445
-0.37737096210165305	2.180895214229309
-0.6305499873301251	2.207333114975639
-0.8543005481012395	2.2376598517247284
-0.9949258724192176	2.2565317226320696
-1.0571395189399153	2.251071029259861
-1.0614963978510004	2.239345930293513
-0.9856099408323528	2.2092403817544173
-0.844343053342234	2.174347978116029
-0.6523264000919923	2.1427702846840955
-0.45555966382429786	2.1161733790395107
-0.33551133048985016	2.122660534901515
-0.1913317949079498	2.1273726790379537
0.05211241409937189	2.1080758301470506
0.37205210161967156	2.076413863036133
0.6543706932948274	2.059083406527568
1.0342090100002461	2.0184601418165182
1.2037713053842207	2.0512233206138113
1.4635407561429576	2.0643856946620103
1.7998940741464955	2.0465220954870578
2.144792018325429	2.039244015394474
2.53468520024746	2.0217195648474258
2.959820754391315	1.9977033703607088
3.478942274672639	1.9468474552926835
3.956631806922412	1.9145408869090954
4.394638390318739	1.8824420041788212
4.491435131390925	1.9285543048296319
4.683292830823235	1.935178738937335
4.963089803984388	1.9073454204796272
5.015348626098867	1.9344147951156987
4.92091019224906	1.987236111049287
4.926163219657682	2.001008806586418
4.870892582358113	2.03156785592911
4.917587631802853	2.0345298719010265
5.044270056486729	2.0097116325805207
5.095324962290822	1.9923271143067518
5.199987702790607	1.9583733397309786
5.3765550026838405	1.8949121638932847
5.257422300037902	1.9097350865110996
5.085143849787028	1.9201869489975871
4.989649871471478	1.8948709884617736
4.933900088311507	1.8523946865928398
4.8569371763702875	1.8039035358150621
4.714726530955648	1.7571863132305334
3.963822728281053	1.8667144674073444
3.3005616047058735	1.9458690048298388
2.7269902269656567	1.9962181556598664
2.2219714454133683	2.0361129870269905
1.7467964391004942	2.0681200698386704
1.3600643341383025	2.072165555323549
0.9776812988585823	2.0882518659356055
0.6835636740106372	2.082170312741155
0.4009565336269692	2.0763780663592635
-0.037757736166210816	2.1232897298666384
-0.4292597214380737	2.1596753117929834
-0.7485493402213569	2.1785297538899537
-0.98183801486594	2.1756960397370486
-1.1315561586864837	2.1619160544562064
-1.2852921706411347	2.155501552860423
-1.3979052952057165	2.1401001708474996
-1.5543399071087318	2.1424469119279643
-1.686622384741486	2.1401105843189487
-1.8213487237297472	2.150478668629194
-2.0589023483263844	2.1975011624114242
-2.2175890517442505	2.2247997614439416
-2.3091080373326553	2.2312943410174677
-2.313745073717256	2.2201791525883774
-2.2740276254607723	2.1973198924300594
-2.4399422669125004	2.2422396689512203
-2.518387386745911	2.26078734129934
-2.506490081887283	2.2594274661242064
-2.411672112583977	2.243342181341551
-2.2547774641835585	2.2141214151334263
-2.127295140704052	2.1954189554224253
-1.9374062444874907	2.157695619356201
-1.738911462505672	2.1164743606344483
-1.4584267823413388	2.0489521011127896
-1.2218331393972592	1.9869370828134294
-1.107367150664341	1.9464941335309969
-0.9700821798105613	1.88637480230557
-1.1168032534120893	1.9053991527115455
-1.4151508353127777	1.9693698678344957
-1.7019055540990171	2.0319105591790136
-1.9044296466683284	2.071114155139969
-2.0106227322586485	2.0853430195507396
-2.034433797105759	2.0770391030530644
-2.069327953387014	2.0826023794774495
-2.084085838636428	2.083266446916733
-2.035955268686132	2.063617572603155
-2.0033770079945032	2.045282478192245
-2.0187438516113967	2.054955154510064
-1.9435067094639975	2.0428740339690448
-1.7803926185345433	2.0105302405562893
-1.6528329902640249	1.994425238880951
-1.4410793623375189	1.9399880024581106
-1.3909496344948933	1.921404768769551
-1.6366753003863348	1.9824666367127375
-1.8537251288657435	2.029938401010232
-1.9788678186985404	2.0501609490297907
-2.0315222466057996	2.048467352302362
-2.013400965249552	2.022403682873735
-2.1900824548751197	2.0615459997362318
-2.398489702822499	2.101181876057507
-2.5968175419388886	2.1371525744848885
-2.751492704085071	2.157810159469691
-2.9672605136645784	2.1996775849810493
-3.255350608397687	2.2718776188294147
-3.4568689541653117	2.3224050331307735
-3.5693185927355735	2.3590672720752934
-3.5879465125605043	2.3735687686814715
-3.686639999834102	2.439905427195594
-3.7123563050562884	2.5003254292773636
-3.6757360526605667	2.5573574866289834
-3.7082209615539266	2.661675966611729
-3.6739888868824444	2.7597600299861735
-1.7065521945488582	0.07026950033427663
-0.714151195665021	0.12610249002255525
3.4078426154050923	0.21932711557759169
