1.688891589121004	4.23352518092458	0.48985819214386855	-32.54024793656182	27.514754989979625
13.922808337356793	4.110987686539835	24.245592436160173	3.1979307303740945	15.006157234742693
-18.86990233102584	-10.029420322737725	-45.60150084873093	0.3145582368374437	5.511486124080023
27.358434699045016	9.518618018707203	92.30255303041152	27.547187734906093	29.924806788172827
4.270009527817614	1.6306158842370084	74.02467861520812	39.970749265257375	5.168996261782141
18.006585542186897	13.638230961402463	78.3641857814406	28.455764186124373	-10.29552347947076
-17.880049281746956	-7.251730974960594	-104.28476563408844	-66.27811859535659	11.3332022968424
9.251838223894149	8.889992159673067	-2.649786668293576	-22.86620089462093	-41.899706748811376
11.310095582565118	0.06535473608930863	82.18767059161101	34.204943097925195	22.796524501057938
13.561371385045012	3.7844193084020468	-4.096836887806417	3.5966701515806516	-25.480130812717846
0.860479967502981	-2.3438712077237507	16.257069826844067	-3.506405011958006	1.511938886029328
10.498209072313108	3.0151427164899594	33.055522843489626	3.2370558571558443	-47.07087030142725
1.6872031658018698	6.1363799933127785	19.56184570611479	23.07245286238695	-26.663441940950204
14.020058055438714	4.229361804252844	100.46558572419167	51.37591830828676	-8.98191638186168
-3.801530396911435	-7.956255766756583	-48.37943549040728	-17.240531813977597	-38.02918648951193
16.288970030528624	13.730885834012856	80.6304628582171	35.60629883466009	25.866252187592252
17.32997154706518	5.99800301881512	14.711884493920225	-9.087472359260532	-8.85856498456703
20.16659314839829	6.388797275538856	56.82990716067246	10.723698390471888	-8.08341004149711
-4.485802393598711	2.9518446487132275	11.37158531168294	17.501847830430616	-20.9565211339854
-12.806731328223396	-11.680182863521008	31.217436027623876	-0.4721769237415193	-19.012017378274574
5.163426578953012	1.508890506284373	-86.14537610477952	-39.79915300811433	-28.270632577963443
2.0724117488465135	-5.478022364528364	48.85551844676442	6.413127654538852	-50.4305195469497
-4.018304538883752	-1.751110258189252	17.221792796241644	0.2050254611013625	-32.93106513025094
18.8360963086403	12.870272472869408	44.32211413796095	36.90154224306639	-11.809592385129445
6.69318152049741	-4.521645296144116	70.04308014084428	-0.8893560120258422	64.5647215828621
12.821912933709395	3.298568056136372	64.55336546695798	18.70289931127796	28.376697513784777
16.567126490595783	-0.05796572693039811	44.15946763519289	-5.39477855351421	-34.84173968290203
11.176568402338507	8.594267925896688	104.18314217252082	30.061746882860803	-1.8209960155809957
-17.883359541405955	-10.080283021746801	-70.55558872154334	-51.146682531203176	-19.995560239035466
14.074245465820146	5.071623817636224	75.42954162091327	20.672158738739313	-23.320577087021473
8.887320479315937	-1.8774303607137885	68.0831959675005	-0.4335875055635726	4.30241677799265
5.668414691667279	0.568839363704094	99.25562927811556	28.684257933515813	-46.53414357483307
-2.530652273566052	11.33293373996165	43.27677862565746	46.78174960869177	-29.43639679743422
-0.9630866679917091	-7.030503824759131	-29.955102725625338	-33.94050527517131	-37.688038826753456
2.780568102427581	-5.031697643587115	52.19925943796076	2.397427709654545	-25.860453324451154
-0.516900028371738	7.47799482232244	17.89246911121788	34.620482848294	-28.1733857716698
1.8050138764713188	2.9181103458800597	25.33311370176148	13.01851764341737	-21.568125582348756
20.40209280016931	-4.871474697636868	79.08637457318292	-7.899258598457382	-12.88405238508656
22.83905396284126	13.218655176273225	88.06080813470574	46.5548163033387	8.290579693489192
-6.410368629354894	-3.321473570137318	-10.110363030154671	5.830980083786625	-30.874895843272647
11.678944681601784	5.870621535238045	29.724437223712847	17.2378386133159	26.54811975282282
11.552448616047409	18.76123760814273	-20.44295337409893	15.124772220843385	-20.0486540886409
8.322146434031808	5.770906575511671	45.897465017368745	4.376796262728431	-29.492203545470215
27.060424895451437	8.328616161865323	124.58006052731136	60.329678138408674	-22.99240910386171
1.628164483812269	-0.23797781232060392	-26.272165908673834	-21.05755764410072	-23.434325975969166
15.325344602487405	3.826899299344135	87.59137141143941	32.2731128419611	-34.881000574567146
18.017637852877566	6.395196747742498	86.52422058478221	22.668996315257445	-38.706270963525576
1.9761898779962173	9.43749233286089	24.302754813285038	35.59098363086782	-26.37366273356274
-5.84917829118704	3.9356197735701044	45.19134767534958	18.15886934403109	-30.09374694035237
6.161372253126685	5.695216347360621	21.531564410912228	15.5820199601944	8.82608445384879
8.516264031400052	-0.7913989423575046	54.34535379926408	34.575017550643004	-34.87357211512523
6.568334458323445	5.45869426092947	23.141439081709517	34.08726011380249	-0.5665904958832803
12.65744681655624	8.519746283115591	18.92886618905216	42.86829705239556	44.32735308537806
6.776239144277629	0.5354387448175992	59.26693400036076	8.097902606052482	13.082214654566144
16.314668767937025	0.819581400956114	82.7073672779638	14.04420705258555	21.56445568392439
-3.9238394712255844	-16.007182750883857	-7.754229041086358	-71.75289541087935	-44.240218305524834
25.254405659647453	18.547531165042436	76.21451507939346	68.56035372692372	-9.403364422437951
-16.123841425157302	-13.930000620266643	-3.844731586760296	13.478322520817699	28.76795596184019
10.806143244474292	16.228623965403774	30.12270063727518	49.85636191626006	54.817412454329066
11.870320145973169	14.401549051585224	45.62874372064625	38.969393648559866	-63.46427076405563
23.101460211240592	16.558453324958272	84.66988244198566	47.01746914745541	-22.414857075298897
-6.830941230697683	-9.506662338774676	19.218177196396272	-7.285994996605526	-5.486895386097362
-30.20634045798656	-22.470605015053756	-67.77671246298246	-60.09376875945698	-14.335309884705126
-5.449885845862278	4.3551075065563225	9.504877667458445	0.3056102788115985	23.582807274215764
-11.706042482030071	3.5895728335619834	-19.26280095772872	21.792226527349076	26.121406993317315
12.905058729286646	-0.4123569989837034	51.63116210002628	7.671093180004295	-20.08973214587586
-11.731456857200529	-13.307886017405862	-32.78974344003637	-23.377669750697468	7.363670476556917
-3.4321827341696203	-13.30942972950594	-3.5803653986502093	-47.407933689137955	7.010506749243439
15.643143391231053	3.1123233763461466	24.85622439142321	-4.706710072477485	-13.20504767031772
10.750324276700859	7.107536498585829	66.78910285036824	63.59853976002076	-21.818412720656937
7.558959270163818	-8.070323016137355	7.933086287694784	-25.28367262628761	-9.16489488512494
7.4842606325121	12.609456083847997	51.314756379135346	70.95151925226246	-9.569758921243494
16.996266874685748	14.41058296313375	99.32116785533937	62.89960109316644	-17.765387707738213
2.934523497874926	-2.8418164002793853	35.79945684299195	17.44406814844865	-6.356414064903664
-1.3573925836149714	3.886309539569122	29.778796668517526	44.676273945742935	-26.31914744771752
18.44993367211968	13.614061916357636	95.43311292973895	50.60131837201071	13.6284611296592
7.075007850588508	0.2141974261823918	19.325012392299037	13.196979574373222	24.276869567594694
12.917226450352148	3.4033038674956493	65.49127168474955	16.242110676887147	10.17243427488138
-3.149985594949195	3.8219034693506577	46.171981376064174	40.69670235828107	22.446063777484547
-8.914137474150087	-2.5896887500080017	-40.72655897419186	2.38533466040826	59.1576657068216
7.411114457037334	9.322944913341944	23.91190356064907	21.354196867955732	6.442790059173901
11.396684689478855	-1.4482035111877118	41.9440333754601	-0.6963435565755208	-38.02407978708758
5.491847320668549	6.400785950363488	36.941353725152176	-10.127005085861772	-44.20454389263817
-17.11323720445151	-7.939593435045485	-54.93517800774381	-4.796806097697207	36.12679838991212
-6.540056049909879	-3.1709909619531267	-24.062312121263258	-3.9865518378672813	17.46191589556864
-2.8285127100789413	6.31301582768064	35.70391964182986	24.114319900154793	-7.996490049729807
-13.275829161938242	-7.5011045884978715	-52.330182538760006	-7.635903365975093	9.793915099246895
10.175424421124006	5.720958793575265	-1.7816336754881892	24.695260917349454	15.96275325200381
-14.646977260055092	0.8459924161715531	-1.9352974619780832	18.89540409454128	18.85441707405547
15.906713319269901	7.1270340964464864	64.45379696357318	7.371808044472166	66.04645892765798
-15.455410744071267	-15.845152628266746	-97.34837616603286	-81.00793285909039	32.89108379666642
-3.2886694442035282	-0.5778144269994917	-26.85473293563544	-18.560789783249426	-4.5707260339859905
-0.9550562062055521	-0.13846763667880752	11.013411589068669	42.4520285487869	27.470180227992216
0.8650976056764392	-5.4141867480592785	23.649101375343403	3.032938405648623	-21.881236610962407
3.570866099831747	-1.8254203874949362	68.44414066763342	3.205141395405919	-7.914459855596172
19.029867894655915	9.769682309176302	69.01264818702602	19.317004058449502	-21.615505008366135
3.4639326876195264	1.285358141215021	37.52816054720998	18.229775176904027	-51.34726418856901
0.6984781302000005	1.5259453430378311	23.486906836065895	32.60824447745963	-36.4586651064933
12.753990752254321	15.38296818194171	59.88487340909474	53.65220414169296	17.79137859859845
12.956177985762473	6.084715351811484	58.200421709295135	33.859201090186495	-35.249979344836674
-3.738883972077337	-6.7926825681110445	-7.3652781386716395	-22.114465490598725	13.788239786258142
15.374827649593449	4.45359346683292	36.286185719032176	-23.405780208002238	4.128674539495244
-1.848773987961915	-0.4459554133273379	-70.3175010962398	-1.5721697977569127	-27.27161286139202
14.291672475939876	13.203639357578858	-6.178214554912644	25.741075479905902	10.061089484832655
-4.1364580311203865	6.201051759347193	-11.346698700043234	40.906321607889105	-22.247980097267046
9.412526069775563	5.882882409491142	40.35749631998424	-11.61424077919298	22.76924009758931
7.088606275668557	1.6838324869891812	90.58020882308878	35.44010517939672	-23.067111059586278
-3.425678410011688	0.2552708671289921	28.00630505993049	11.725989600525347	-26.58786404332297
6.45871847537041	7.666671388546523	-81.8212018263118	-40.80675234250488	-43.59929807295573
11.835237459558908	4.132216518197113	63.90694681347304	30.569102566859172	-52.701978761127535
22.10351289958611	24.00684107029229	112.80678100946992	65.30944272868247	12.290930285156037
11.839161526058392	6.846035267072668	63.279541769896895	39.401410683071994	64.65197703675108
14.434081102685715	3.6569779177918904	73.31477634561148	23.2166719326626	-28.020124115654657
-1.8469610552315174	-1.4205622398230955	0.7390469778022702	24.13131238535339	45.002563705989324
13.999769828912443	16.93899641271543	93.36769475105743	48.55418204136714	-12.969934415535109
6.718362116414287	-10.74433735940599	57.15379443939699	-29.159962255888868	-4.724296645850348
10.762380757855084	0.8117928795698443	-1.5254609484397208	-11.436783271517024	-26.214235715720516
2.7874630015011226	-4.5861554665199495	35.160154268472965	12.094727495118734	25.6240479203629
19.38493551491811	3.2821988899844468	62.453572484673664	-3.937958089050893	-1.053864922212552
-10.086489748113971	2.358062883111043	35.496068566258685	16.79799699440731	8.131916855375527
-17.563720368284624	-6.151876530957602	11.88859382964083	2.140090044761939	6.9391837010923485
2.156520757480978	-16.10524813801419	26.819836168854597	-33.55484503486082	-10.772088832218154
-1.332324274589565	-8.836592565419272	-5.148504088908298	0.11153469657437096	-15.326458205598334
19.969720135227448	19.68711398971235	59.29574370902276	50.3035739528885	-1.6780493764962727
-14.439264075233876	-14.846737640444726	3.6366015263364138	-4.659548169562435	17.029210171961022
13.087593005553494	-2.445942952861296	63.77010661883485	15.047097436140128	18.76398721988094
4.40012232174715	3.8683234489312377	70.90691464442752	9.851904645864847	-14.254747410884356
13.699752930482157	3.3708475345899975	42.34991793346151	16.86288139590056	-9.227101223180483
3.5288407097196925	-8.0226664951015	12.342566383052059	-0.7517208800573608	0.6029209306230697
8.58751932379283	6.262410309576112	49.82745636563719	17.392524474638705	-47.021694869420514
24.48217349917737	8.716402688216538	127.54808632249174	48.93319900067132	-37.3009400150072
2.3073267328055715	-8.487829476321211	9.80476675800164	-1.664981041444151	33.090519582318976
-3.352316723027415	-6.700565503203746	5.725073708741023	-45.039174931991994	-2.782011748266531
14.751571917008654	8.679585394621597	82.69430589730025	41.843885348299196	-30.340681492600332
9.571364554495787	2.3459086874142376	56.7377368469214	-7.277299420791833	-6.2553836057285
-6.756634074293625	-7.215736675791911	-50.98351757872726	-37.87271894451503	33.19932232490382
6.803213580825158	-0.5341033354444531	35.939933766199715	-7.100337733394792	47.257571596133204
10.85192450457616	11.074542699706214	-20.519139763916595	-38.03769826140256	-1.4657828148672118
-2.1321684841881177	4.144609160398866	60.926463338106515	65.85519927791533	-33.65768474205773
4.5612585109351595	-1.0784873675017042	22.909219295255273	31.0689908458099	28.885242406795747
-23.328090358149954	-8.323425263454224	-106.15386614292194	-48.12194852325137	-5.212761734396982
2.9373025434557984	6.182291441263096	-28.797827780541155	9.472095608231884	-61.319440711381134
-12.49715772682974	-1.0448428118060789	13.276000620451587	23.293894769106082	-18.83213633540319
-12.38860874718624	-7.417576628895658	-63.004740463147975	-53.5260812011896	-25.162825366452754
21.17899995529356	2.3503661449952937	101.45106236231963	40.68787199993422	-22.47738191935059
16.95085606972405	14.35617438271266	55.29612482109058	29.400007994542726	-4.133417955574701
-8.929938205195285	9.43880457817274	37.95124602555696	78.03501079787915	-3.53572451546347
22.807407495421224	11.945087549310177	82.39483269150406	59.746142615319	-9.23169202219675
14.903429053627564	4.802666062131582	29.12793868685112	-0.5452540319138103	1.3860931101478957
-3.7531018606030426	-4.6123894621977835	36.50279581680897	41.56779994990788	16.72300411283589
-1.6583181021584676	3.2881345814350973	-28.63262537806971	-36.72949899776262	0.49275722357609736
14.519678927943245	3.9279425588921977	28.626677395123572	5.463419182755588	-25.523734317432076
-16.424593579557374	-11.081575655939721	-92.59957515499	-74.5073165099135	-0.8502062618043551
2.1715923360077	-2.4768990158618776	33.55534034971797	14.934106970192259	-35.06977960974689
10.29936807212676	6.631177329107778	29.686897899807157	26.24548929999508	-28.019423593310375
15.65207485862523	3.8029149358964593	102.2336016997987	41.15810661349234	11.656960180286786
22.842401980007295	4.583496843929208	48.99542277040584	-15.808034371047007	6.916856568944586
-4.879171494938401	-3.48119470917533	16.0995957863368	16.96635913905159	-8.16951554658535
21.94314687846475	14.88679674736428	98.7979435519828	54.31664085425748	-15.306361829151049
-0.8643555820091927	8.40720088473768	-4.3825851145126355	40.22263521910077	23.205034553731704
15.675251656059645	8.655287129144098	50.835006977428996	5.412786943648875	-15.339848751869285
6.275803427624752	3.2243223247225137	6.1775335515943866	31.77785184826719	4.625571092477279
-1.7566305825543451	6.4915946958436415	-68.22830644245117	16.707703319126562	-17.702616342595785
-19.158039834321226	-0.5763962603099754	-23.61113057956599	-3.239653079509575	-3.9346068203779323
-1.180127403292712	-6.122788243358092	53.23219965266308	33.573740276320976	-5.245272757138113
1.408105523110277	-0.32141159525341584	34.44394479777514	3.5547787115550227	-24.351924825589
1.8719327215968287	-0.6073351206392064	103.03289602098705	47.596651098691154	22.267001620129697
11.665526894206419	8.186762398118537	25.956895604368	-4.125341040202156	-28.940029906089645
7.568623618791736	4.428623803735753	42.71657039682771	22.596210240293356	10.606134705007463
10.87703675270443	0.03280095150256579	27.707643318255414	-2.7066060600325392	6.573711013887809
26.738719509721278	13.828630453239104	106.37407184241624	40.90494002200787	-5.534927566703817
7.785166131033261	4.245806460331299	17.01632628199884	-8.59573094961823	28.543235754163167
8.373708276639334	0.16055066764614986	104.8752504740114	15.180650341464071	43.2116403492591
-5.852802039096114	-2.659491844401304	-19.24096341102221	9.073666836545137	37.60597322580806
14.67933234231823	9.409609106276948	11.101651994492723	22.913651404669523	1.3837850662785367
-2.553644227631593	-7.632907958169623	20.47505501601631	-11.879909076764289	10.532966744514976
-24.15449906614294	-13.262537766641323	-36.91194332622252	-43.30390117900764	-6.455937837881273
29.839028271853966	9.890570661919071	76.58916585287652	18.843370653859076	-22.50481424698231
-19.176943758552706	-13.506041298028117	-87.728358339553	-29.923965738452083	-65.29137626743545
-14.79677397053792	-3.3335573082944037	-79.75274216771805	-6.508285193764956	-31.897108643775326
-0.9123426841103158	-2.8247498159102977	-17.060643179193118	-0.6712852608944881	-29.615993038402408
-5.756348648885676	3.035564910346671	24.37036278451715	8.125966626737243	-33.55749179218656
21.586290924987264	7.136393962217445	58.32959597875197	46.9390075246379	-0.402098212514022
-3.2349501046516194	13.476563696923549	-42.60969807726377	10.278526445709764	37.29191398243924
28.81174758523577	7.469563921395776	85.38321341369428	10.464364735410038	-1.4968756135040284
5.045104561269139	4.859820966029541	-38.25788404975594	-6.401327093164874	-24.950990470993197
-1.0137548598581478	-9.174469459597324	-59.433788875389325	-51.141026773527706	0.84983989194472
11.485474504138779	2.154134613120018	59.59484154748459	26.26080621692878	-37.965865885315225
4.858931469856635	3.1141751683033316	-14.521775064280067	-15.214393360477624	-29.70527936604985
3.379622597620599	3.560274613606851	44.115401745802366	21.21334045461296	4.631664017525053
-11.415466911978767	-1.0888859502570938	19.545852278318307	4.493175401175108	-22.729235472217884
14.679732306329118	-5.828085802637615	127.14476189851624	9.930350599757475	8.917163482381383
-10.0233598397635	-15.746518827317729	-63.134872140459215	-69.98589688852664	-33.385225901861425
-0.594143704114256	-17.14675422391385	27.03873812715537	-64.67566058002907	30.48670385802644
-0.43560248147396174	1.8477961648302428	0.7403374444389264	10.19446355929609	-35.2549647814941
4.610048406026788	0.6454259619407503	24.602444592974848	-12.632450753956567	80.52308321829186
-5.031901050508476	-2.455532153316584	2.510668276309993	-11.261514370612172	-5.70791073615832
-0.040280758023108945	-6.696368675630477	-67.30289698244584	-77.63517814942033	-22.934343136239423
8.91139279756607	11.235069558854498	8.139995629351633	-3.880468278359021	-4.761960104599866
8.020074246966592	5.6282263346160954	47.020381372332075	2.7385264499033437	-23.94987506502623
20.05235247080301	-0.3760903921468328	16.142131119303063	6.77477366275666	-21.624323378696438
24.244274765828596	14.93740660335246	73.0249940109943	60.11450659604461	-19.22429824326045
19.779483404219175	0.35960122802989153	-17.026752617647727	-24.49149993083395	32.23234064852851
-20.153814394334933	-8.132877893125976	-26.54009819526467	3.107164810816617	-22.03090437694726
-5.7798273460132155	-0.8740850519062283	-14.850132092836303	15.066382478321774	-29.80569570451544
18.683945285028575	10.955436480094466	27.212664886153465	5.806427995499882	-25.121398285562663
18.621353168881964	2.3711181258049208	47.20544834243173	16.095859487028466	-20.165225359480154
1.0317490327264867	10.264977100149633	40.528394286239696	50.72007483021701	33.703640197477405
5.088602337980819	1.955032301447866	54.63448081192692	41.548874174185485	-24.694272018713807
-3.2358376324064855	-9.080371301633285	79.76084354692912	-13.58863912912373	-24.76702497601823
-2.109216669722875	0.9255083743215708	58.040697594305456	49.593276694782396	-28.961550902855585
-0.21154258829194383	-1.8527267436719175	90.70075296283537	18.18342794048375	0.19004919031695322
1.9324556448399524	1.240430470761194	3.5954274443216927	13.385544373967912	5.037647422547881
3.000574555613452	2.8920042040579403	6.17045703054459	7.035452749783797	24.194734064646855
17.734406083839684	16.36557733597235	84.89176210774798	56.51920603153619	6.739371144929562
-6.757730903473967	-11.794961589854529	-0.33787604004632926	-50.996729750854044	-9.567048551239024
-0.8130438150250868	2.8023915969711624	-49.37809752791345	-24.064238391550866	-8.78468558908217
28.38711227241832	22.31611307531574	65.45260064428993	73.2408466637225	-1.371433388214767
-13.052643885241917	-15.500876924427407	41.45023675293443	-20.44137664222086	5.34648814294272
-12.778675706778722	-14.280265028133464	60.877047823698305	-5.374333877670933	-6.476495304472726
-1.310368081510475	3.3111514056293805	-25.42507193075333	-28.640156972764874	41.1113315284589
6.675784689280336	0.16668393675842177	42.710620795810684	-2.642957241942251	-12.92369987338468
22.966224724223935	20.593360730224276	12.638201051460625	29.986033656688925	-7.9621833365007495
28.916472897280105	20.94779020587104	96.43891431489406	43.286414000757304	-5.002660837747413
14.507914765135451	11.175765431051206	41.4670355723838	39.767269876972385	-24.768489422269862
-10.702929174887341	-3.00435236402954	-50.257491064916344	-25.70414876200914	-39.74636632862558
-9.231808928545464	-15.022886061805671	-31.065824109328766	-51.21063333416597	9.047651115908948
7.022136374703415	10.442413583646838	41.123205044995494	43.17295624564184	-14.467101091090793
12.253262480314442	8.21975526505059	79.31839885102775	33.45678195516296	26.54162071134044
37.066818267964784	28.14871073674706	139.47064275645343	89.12154052983144	-37.847666482952576
-11.520188106093558	6.8333960271514105	14.311199224560097	56.25072981748508	-0.1787735405684008
14.009280038569548	4.114143764549427	34.34621133015823	41.64945418800368	-13.008322254429993
-4.716701773064621	8.456867025180767	32.409417371650186	33.153149057917666	-38.84517972389987
16.219311847670426	6.072493149413684	72.78435183269514	15.424173678236146	17.931688998388015
-11.614457192194529	8.23526304420282	20.95547638929133	63.47877185504891	20.16121500226359
7.7600421170282665	9.014990799367203	28.950845051993035	59.83742787782616	-30.62489680744715
2.9827185556630567	11.33543231320978	-18.941884967363308	26.56720461821443	-28.398092828344495
22.746758977687154	11.771588604835754	42.37182804210754	34.013390776645686	-31.603546423593933
18.97806525871234	16.94900801192881	98.93381680538614	57.82475827779293	-16.21264055736156
24.292678383144825	17.009897750785434	80.89299847038872	43.33026943536665	-22.168587262710385
20.058735037305176	20.801625506414183	61.81227975546423	42.69346058369296	44.71029519683724
-8.54447258901387	-11.428396984759402	-4.667846507479505	-70.5821172429632	4.1318367748127
10.703664898260458	11.460146900597671	64.34110446026266	50.35962873782713	-4.310096948378965
4.882690853325815	8.685110671706635	30.262649647266635	43.90041228555798	-24.192414326153674
-4.636059998728142	-0.12738954472549197	46.008096304721974	29.431475823991395	29.273899576728816
24.29365286829079	8.937014628313547	94.38235624896002	33.79736890046667	-27.322474717757117
3.3071665141691313	12.120990453116272	63.00781466098554	47.86308620705271	-2.674142778606292
-0.9670504698199444	0.5093311478567505	25.33549503054983	33.753584152156016	-8.117463865136267
26.191738175151187	16.797087152948166	40.68734549792177	32.060286471313574	-8.25678624467757
-12.220318783480728	-5.712791996661619	-31.141769598243815	-7.07552302778182	-14.875893809026616
7.166210659010213	6.8635953986978775	-8.548944661773008	7.836247732208041	32.59984152392224
4.142048239158003	7.4860430049896936	18.26854468795043	47.610666759302106	-28.1688726583925
1.9605964797001896	-2.9559204984823997	48.95491701425015	33.82015229264904	1.1076960406749794
-22.651321092178563	-7.985319041211895	-90.03150295749163	-29.865937297851513	77.84784476240473
5.595797052155623	0.3129920868958099	62.93878293905622	15.281851120133526	-30.84387610458915
-6.548566570545846	-13.37848098340313	35.52888394375385	-39.00700312412541	1.551105571296439
-15.87046533893463	-7.5141458070905065	-77.67716656410316	-17.713072297668806	-51.642163857160554
-2.6703897660401292	-5.6459400552454975	8.227827178907653	-10.411242094823262	-36.07754553259597
15.331540678381899	11.424846097276331	79.5067935410338	26.004075933152293	13.964245740222825
31.12745879888619	14.560077522886155	133.64673603518574	44.30837550890202	62.54192966646795
-10.540630888252387	-12.780520460125821	-42.20368982337732	6.063146746329904	-15.495667394214832
24.991715194009274	0.14205331679367256	128.32845587859694	17.54925172357295	59.864483200811456
4.411134927567939	5.98477494428371	-1.0078586312326865	24.76577814724703	-20.014153934363
39.49925263615158	28.55508453891147	151.1100516926206	87.79586701735721	-25.329961267015644
23.5150604715475	12.551022065143984	65.56997903679887	25.845627585906435	-15.89131739813579
17.267533863285646	13.535986419626363	30.200746707990426	36.91185362314027	-10.75336807308268
13.536265380471075	4.957683374965452	98.06531721718663	39.36536387193366	-8.969312551673736
20.97341496993752	11.162151738140523	84.0226616344109	32.7328516097432	-19.617257300166397
-14.106799482283913	-18.110150440570266	-2.6069077211180316	-53.9300388015902	-44.235850777520476
16.40764328916897	8.359455899480349	23.145242376237118	-7.395320909518457	-51.6272223876286
-21.469453033271524	-11.148782474615581	-59.27068015923627	-41.317624817331684	-25.312777016017524
1.4261483213077526	4.469898237877845	-24.015873063681052	23.861915881026754	18.163821781211134
-5.085946523017575	-15.712467896926688	-24.985155040617077	-41.05552771038467	-8.259211125572605
1.2511186083245012	1.6203485621315332	7.974202272706843	19.961589274060962	-21.75557286503853
9.924751775339736	10.37359322091433	41.32366201189113	35.44514604236009	-41.16484481664055
10.422080772433523	10.96233051317222	31.882072430305477	-10.57043154045687	-33.3756825478137
11.206535691046167	6.843105556115215	26.430332015087732	41.64680368829144	16.028196389238598
0.16969036341268157	2.1672059457485724	-20.468910297821004	4.7332330468459505	-4.1838160828113535
24.868389515303647	4.194813173952892	107.38097255086416	33.71041281384826	-32.324393945224976
-19.208404700618935	0.7097478667626468	-62.326569052712436	15.997001652774049	-51.915462840949495
12.408498573932736	14.39401781668554	100.46346065782062	91.8554265830103	-0.9966455539173065
15.937304852044257	7.088856996697868	53.41468235286508	30.151143554824074	7.526272004570044
-3.7699144413995604	-6.085396116876982	18.030866530993173	-6.371978104356254	11.100578372058465
7.790072522903379	15.205281845090408	47.435322180101934	48.30170269291226	-16.433951398879906
15.773643559056374	4.847048905549586	80.54264809715885	33.66773983478362	43.6721349139896
14.871885702501118	1.1085596535289846	84.8326127347035	12.491690678871175	24.57259296445224
10.842617207627704	11.396336489261348	50.691047830446216	26.63678655319784	-7.124676141039165
-3.3189117233689895	-4.529191412826293	-79.00331661228327	-58.84574776378735	-50.40298741855206
-1.6031647476446749	1.692852175344625	63.283874727217366	30.082475373258873	3.4086968453632904
-5.103871017391259	-8.851434400655899	68.65881105393109	27.124203529173055	-13.927892035856514
-2.2094804770611947	6.474432645256106	-105.17576727578246	-25.19357996721779	0.38942108231385714
-18.680635607446916	-8.57889334587686	-40.123103411755736	-8.081732949312068	3.726258967722556
-0.8827648558262406	3.9042530424143767	-0.3838297956489199	11.857086344753862	22.59052930601234
11.232067648815582	17.196644194365177	85.96810230927882	103.27701695411415	-6.188763000850822
6.487466376888689	-9.612364998043946	32.90013328343891	-9.810737807311277	12.124136617723204
16.065101330583865	9.925847637130696	70.16361841658481	26.597507332984417	7.565714175977168
-0.5479710094377559	7.322764197726206	10.956530005851423	41.67225936490793	7.415079010213571
0.17946925693672933	-6.539293680141656	-15.845486439010992	-35.531091527348806	-31.006357413328736
14.492330260976685	20.555135774030152	18.917770209516362	57.49652284017508	4.8952561969362085
3.3515877709878943	-1.5066539963225087	31.743847856212387	33.73814187960288	-7.3936686399108655
-18.287696889867664	-5.930905904582873	-11.73303308233316	24.054189968359083	-24.149941076499793
-16.984156148244796	-14.640725077186916	-19.22129308416637	-21.65940027542021	-7.769641143077933
0.7165545949220965	4.161969695642983	-16.45273200361351	21.429688884188785	-9.764273524611738
-11.314282137397461	4.23519342403583	-7.477278513357799	44.13593911654235	-45.611611678280234
37.94848159273563	21.721087769810357	83.9986111954222	39.594807162190584	-46.96286274867427
-10.865289714644	7.065650583751033	-57.47090853060217	21.560654585186267	10.04645076384514
14.253592974693762	14.63461366353795	13.368870529632014	48.99024344534105	-31.846915777143284
-1.232758822614189	6.93553924628362	13.492183372757788	55.15120417365943	-18.2571262040763
7.608360566360156	5.664829733379762	19.97873615753598	-1.3204392324143743	-39.196925570856884
-4.4190403983555875	-10.755726431115262	-17.32300119318575	-41.88647629671653	-5.95583930536294
7.310457422415303	2.3478004472758416	-31.648624586684292	-13.783544886506233	-32.81748100244126
1.3391522739711557	-4.0704899942261585	15.235392993809104	-20.563031137674347	44.412184417997864
23.527831279475237	3.3436508955579063	25.861128185599078	-11.509466020661613	-13.385994559520762
8.533286258519253	5.505100955085653	41.09183903212631	28.92863200752922	-7.588510016237402
2.1703790813954162	1.2248253175467843	-5.34296498528272	11.48488059530646	-18.469436446999218
1.5432151788486606	4.451989615730016	-0.7062810757390056	36.41243760312116	-44.53376256989385
19.563718911532934	13.281140236041034	119.13760024568793	68.33257010292067	-4.951571803275349
18.0645878027101	14.731961592203836	89.56194387122478	53.08274788549644	20.4799924868658
8.212979302562431	0.9343654108049345	50.88787096689426	-27.79594377461223	29.485123730008734
2.687811662978135	0.9916824594735999	-79.30070428145405	-56.417499905794344	-44.463670169817355
7.32063584489586	6.721646450958296	-13.226284338683978	-4.412431388260906	-15.170404352174335
-4.019594857876212	-1.9770569131487974	43.02828340843577	3.8386248550532303	2.0965212482332847
6.074721453054755	10.673017804564134	74.48332349304448	69.69069885061812	33.752087321226306
3.7881400025826277	-1.2581064935102957	29.08027063352595	-15.023146234865926	7.398062943653181
-8.820999236761159	-8.519445117735096	-12.935239893151293	-9.301593482898225	-21.79553523280931
4.059952274789572	11.197313617051288	-24.297937642551528	13.25376481769651	-26.08453535839493
24.021894395424894	16.340351320508024	82.08881574216574	26.12016862153611	-3.5253058252790788
13.966407512224619	1.6885879746893584	44.22578062917737	-15.275548170205669	-26.723125395303768
-14.26967341178838	10.164259039663394	-89.78024086558945	2.4700088011767805	-18.267013767540902
15.675277046750633	3.0112752556084184	24.85860966857336	11.725364720107066	2.867267312190571
24.464997475045866	5.962905367636499	50.22964891322106	32.36486715185557	-43.704614195821755
14.612297471740417	5.579650530775293	61.53281397522446	35.53543134618955	-3.480895777750076
14.286291229620506	3.7858588912871056	25.972952755020756	-13.371928794554783	-75.6845990440085
-10.029464652453795	-6.120824097609797	27.206729664663847	5.941264186376421	24.20141180067931
4.993405532497769	3.149466497109557	-38.100787965589674	-28.594546645195226	-11.857578886445516
1.5330750673129117	6.902214980658336	-67.00338290898488	-15.34961767142215	-47.58021994640997
-5.393719814432134	3.5454364699485352	-5.535617698030066	30.882661844893253	-27.90196241624669
35.35144027811311	19.23230082503674	175.027935990618	87.88982007987059	-5.838488405022045
6.136046689778336	-5.350522523824965	-4.299882381406303	-34.770300397449624	-0.025390099176352536
22.541002308934754	7.445111607071925	79.99350993843125	49.94316442075246	-43.13411572818599
-5.93594347420078	4.349666958038118	-24.533966874348813	16.652057660686268	-22.656516044242938
7.41428098911793	12.103511664994153	-24.168092420945577	-13.291089938008113	-9.730324965473105
-14.737531372480593	-6.842512964410839	-10.869984499930732	1.6915549507300665	-12.421025893026883
4.175804332358506	-13.331219620931693	87.96377936204418	-5.111376605785194	-1.3352055124416276
10.404717438599071	4.624427403023153	21.72128299059293	36.190353507322975	-9.438349210890252
15.532758036958896	0.7736335659902972	16.85034256335783	-15.501518902458763	27.832856077031558
22.531878648653457	7.910383750217816	45.50596097179463	23.786370737028538	16.284145966083198
-0.3003569919033564	-5.066609564410127	-44.091499730337354	-43.4463925223758	-59.318445620375314
-5.282710507798155	7.483742669497416	-12.376499442912497	21.994658011008276	3.51392416599853
2.164546243708875	-2.9393323302820313	3.645925057013805	-8.093721606674698	-41.13561760131084
2.3440793332816643	5.717871161317081	14.0839333072455	6.318414614260439	-2.656200423595115
-0.38316543601898706	-3.6300934775071867	-18.9491881962323	-6.370262527978885	-7.846383810721934
16.763771242347147	9.910956563976265	61.1774857775025	53.833101946215585	-25.924012183800123
-1.5771018548070073	6.010730476321323	-6.92093114772726	22.038179559831665	-23.485229494263606
-0.25134220833115895	0.9256159382178664	-26.18667435024155	-17.666366867496542	-16.357102986566467
3.024037518603738	7.7490510611395464	-17.56329904188793	-2.3154797703908656	23.508885435558906
1.636848610828394	2.5507819980737803	20.710951768208364	28.27596251597686	15.115865505833158
6.615642604336106	1.4907457154172954	26.24338492145407	11.24194597249746	20.3038516604043
-3.647732898801247	-4.770708095956229	-32.73092337956618	-35.091642655766435	-36.32049191062991
24.89612145772113	9.296770785206906	64.01740616870099	26.94278346131736	-51.69287386559152
11.647528956034384	10.957369118407625	1.0186758633919348	37.60943023358561	9.246165003172464
-5.282672355186703	-5.554631237452322	-7.398436512592611	-15.106033235211557	-33.7185512193232
7.575275546737976	-8.06962258256298	22.64748519615056	-11.530671588633258	11.651098723100635
-19.560792766921576	-23.49099094543392	-19.03781266746082	-54.99199700367308	-25.40946739430703
-23.553020467993278	-11.927639889073	-50.235685984437296	-13.258153160634375	-0.5601860715606806
-4.9937506000194	-1.4342945512172458	18.578071424669357	8.162801373937226	-14.120611753417585
-2.584977283501898	-0.10768426772638773	-5.9886998450835565	-6.620904656890312	12.422525621016131
-6.2137790808644615	-7.998034892081758	-38.587271139551355	-14.987840765970404	26.21184425185107
9.675741141108913	5.233223538334655	-0.034792090564269726	12.227089254714974	-32.93426361630864
21.343368986336525	12.267213647082132	70.51999196006479	26.35498545424964	-7.291007628268943
-0.5512122954225458	-1.7231984274755796	43.04477030432594	-1.3245713916442035	13.88915294266608
-8.278020584392033	6.826324629656167	-25.540416449505578	14.55100806333666	14.823989195268418
12.42524153631661	9.586960786775629	-12.336274315352023	27.206428610883105	-17.873130067058135
8.864376122315928	-0.43141149167580123	76.58634240112453	22.41068146122781	-16.79175562937708
8.334362701382654	-1.040119277500101	68.41061286392484	23.51361705658228	4.674078813914595
14.706566061680777	4.504488025129023	32.99315222729273	-13.75254024214791	-8.575113157856961
-8.206411897515892	-7.855184236059616	-22.56481310946798	-33.763573451561356	27.323283979504797
-17.358768924483496	-14.4683524062561	9.87441154195609	-10.66069606236099	17.814345845095566
12.055737111832254	10.450171389531384	85.55670328984704	39.823435366003814	-1.2417967405444417
-12.357710566273335	1.5188081830258768	25.06464472642701	50.00137911604852	22.43323203081389
26.28216194840806	13.373153719404376	66.80392993018498	33.824500326855315	5.788342380030374
6.129941195923466	-2.8436436550491506	4.462639501280025	-20.20404026879314	0.31656942975428276
14.956612352766118	8.328466713874903	103.37669405500108	48.780455715705074	19.56757637283185
18.442160636074856	8.974695687856125	48.39568884116126	-6.444390309538171	-24.394869884579077
6.399586932777473	13.82462965096109	-26.152165183648275	19.1802161422972	12.102197918027864
4.50044752054569	5.515593427675803	20.328458537767542	19.188856621533077	-25.688048156878803
-7.934111412902007	4.128280631516341	-64.84432113476342	13.45406467403589	-47.67123775015094
-3.8008263951735475	5.334797120146321	16.110609115887513	-1.002239576844955	31.55086570860091
-4.786821795340359	8.617976232690618	35.940615695713106	62.10366388502706	-5.282160453326048
15.339721473411304	7.834648374533809	110.6728943550849	57.95669038811517	26.881915531535768
5.572452279693753	19.979585043296467	44.59829724083721	66.62703511242012	-31.25269190746035
16.014615323320275	6.928393480768148	42.242891824034224	2.257648899554027	7.778721235028845
23.933043980959013	15.007331836453103	79.78107345714436	59.12496001944292	20.81434782502913
-0.5327301727833327	6.559258937271995	16.95688669951085	33.13945335108776	-31.031110701475185
12.753337872345696	-0.5249805940366229	40.64760579600779	1.4769190462507809	14.88227028211503
12.184948153176853	4.16122712067478	50.8677455158303	15.384065174487416	-5.56751362021333
-0.7884416377538248	1.4100110344110164	-6.99741906909093	28.232605786196483	3.153834758681981
21.52464236564194	4.323642178230663	40.28042254620037	-0.6021718941868397	17.53849574118475
-2.9504264024207947	1.0940638856940514	-10.762087667800014	20.91340674361913	12.83405730220099
3.1327599123848686	-3.9289525587012153	-3.944533695304525	-22.237210603266014	53.069158254503996
-1.596287869897204	-9.817881850884408	99.03925844015556	4.041705129310756	-41.057130169137466
16.0687720409458	25.131911708971046	38.776681996577665	64.91132601456964	-8.239042959039843
0.922572571292288	1.3277519977710066	12.273407379735852	-27.89318770101694	-7.64349110113309
14.518887463516315	13.836920508371167	30.0229703548389	49.55418088475704	-9.545016701118644
20.496168031452676	10.970133533248132	81.43639143064505	23.06679326339223	-2.8506855110230744
13.985174198411743	6.328371085700088	40.19077508114182	20.087635279667314	29.890751527040145
-7.739963802871505	5.032252087517407	15.471907837056298	32.01505804433462	-8.332936625168422
20.809390938531283	5.257341562039063	45.173162521383176	-18.29086347281882	-28.185052652268887
9.364106144664435	13.372614958816204	-5.212393947024463	34.98257257407082	-7.961675801888304
1.042182162265382	-1.5604349944556355	-57.15837323283842	-52.588093570325384	-19.059519827383
15.537732579378979	0.7271858235637778	85.95827531708392	9.893521652610273	3.7903912148765504
0.13980982041842696	4.908155776609847	38.868722494334655	38.91368786227409	36.53150154873619
-1.0351700191474962	-3.55824401767739	-1.2938568544592772	-2.690029542582224	32.502873503343885
-5.390363849662472	-3.6641847110379198	-61.30390851804701	1.2220756982913767	-25.69987999089165
0.8309623636666001	7.37840411223345	7.954032523707467	6.004094747753892	32.45039819712113
-1.4009149404828685	-9.226023300963405	-42.00882853294293	-44.51217627838717	7.247735396761068
18.14132303923227	8.491332192141144	104.43588051912853	57.79224552142031	-40.5020906508449
-3.665686603838489	2.9114293748099715	-20.95449348545756	8.81332283893509	-18.45600004439253
18.880825348078737	3.4662312658857295	74.58549007305065	-4.654314889765265	3.2052312335278814
32.87330368218993	16.573284226178504	147.80511002763606	62.709989100082566	-25.816120287802374
13.04228568452641	2.678921331217397	106.7770966509522	4.084114709696444	31.245697265932716
6.245799397001881	6.585435629931404	77.51132342003757	49.88569021931152	-18.020286277664237
-1.8090922589315634	2.8587726981518258	14.13748724840294	39.98247705627809	9.9530257918198
0.23726177100509185	-1.6955041030813816	23.8659047461524	-8.090605966124844	-4.068434984308317
20.71153363283079	21.402064114685604	52.690324481270004	74.27962776517037	-6.029566155126506
23.28039775548089	9.926733915284954	17.347989279273673	5.981469621607553	-18.038908679556897
-13.018488199658956	-13.481186857225032	11.242899814709771	20.591960973439278	-19.087892196815133
-25.402083365237846	-8.714435740703461	-67.77707191720162	-25.68612932184431	-9.042825750405825
12.039530291788429	9.420777027474834	34.939204092442715	16.462774949842665	-10.360256195978636
-8.078205465050244	-3.4389088618459276	-37.37353987197341	-29.694178603514555	-8.56599454934409
4.440611870689067	1.0287634506228964	25.47768877235492	-26.90511169728277	-4.159475146912967
-0.2349997575096247	-10.580207437567251	-20.86220596530292	-63.09072869865865	-21.44677013856833
-9.852790193449307	-0.8196895048922357	-9.308395320201617	6.670169725068182	12.87341769441214
12.253353166122189	-1.5693247061306708	13.410709375003275	-22.7591435984632	-32.79394089611802
-15.299552254942258	-4.213283063442379	-44.67879167980299	-2.394422995889651	-19.236667043641148
-10.41090911313271	-2.5877354755837407	-19.093334503519053	-29.572382163956505	-23.987956946644594
2.358258999275832	-8.374083114475896	16.428255367051236	-17.914441867078388	16.177014681604952
4.8797437620571085	7.498920860900532	3.423828312296645	11.978604009339303	-15.645925534264299
18.7283757162524	11.439135475153401	4.024490554711575	51.839672209052665	-33.58087074650008
-3.9506501690969347	-0.37905803002081556	9.799009961852036	22.509542100020568	-11.626552622175893
26.024742482889028	15.331361818208546	90.26866509620558	50.424791553873305	14.236856488711265
3.5666632651546055	1.35267707509266	31.118111861664442	38.041052427289294	-4.290512779143849
15.708464683455327	7.670342568280694	68.04332014685174	38.74150449039997	-3.531167994689313
7.296698940281841	2.5053227175801727	9.167843555942303	-11.655658611997154	-6.389268605003588
-3.6334600730660753	-2.754701839793213	-71.2783254121365	-33.57605697516124	-23.725393381878025
1.0362056271936884	-12.38978083757911	15.588934519652847	-68.53023930489883	-18.252801169829958
-16.388794801702254	-1.8012775935271361	-42.990904114267714	9.005839708659531	27.897747626646023
19.58575621501302	10.688432062245324	19.672317395855885	31.759673045175358	44.48610360585775
-1.499125775499057	10.11886075711101	36.47886486103967	50.3815296267175	-1.591556389857995
-4.830289337294664	-2.470324378616189	-1.2312089293597115	-2.0535000529663567	-9.806767336975208
17.724247133803594	8.043757761950271	42.14992630421727	20.438850764754612	-1.5927295902175491
-16.254375623361277	-10.779921378284895	17.712856510314616	-5.776194320137727	53.4090773812811
-2.6379898819549896	-4.079113102472764	-5.43698267551608	9.60566627370421	-7.604655173495825
-6.260474473313621	-6.388066973341294	9.961674870566794	-44.271048977355036	30.428089454427397
18.813360963746756	7.281357808387388	17.708645233700352	-0.5290069896386134	34.6822021804851
6.2450565760802	-4.235732908261695	33.59781977294236	2.5045710308168694	-14.851781354904976
5.813466913100545	1.9273910227497286	40.43864284321657	12.786676450985048	-1.8086609321467737
26.50479434592661	15.993384832665454	24.68202160063797	3.2716952578119973	-0.5248240034484317
-5.222411421725218	1.5607285137473987	5.155034876671354	19.188770268965456	11.67103466195981
23.624108374770614	10.01354785518824	109.86202805153636	42.878821032416944	-15.351220555972164
8.91370330489338	5.47657211980383	-0.18218590034597626	20.292155919141596	-3.251335829122219
-21.158122980380647	-3.3245439978784694	-13.82247297719163	23.383550525172826	-29.048817743496553
21.14669137967756	11.211514068954038	64.325788941892	0.14286858795526441	-22.05007521447498
9.390364663753099	7.745848971932331	63.47009412446699	52.071221486439335	-11.342339577389199
3.2114403905972972	1.7615460493903032	48.75714596527856	18.769981860367555	-13.17726004591357
13.632102914262376	3.7029866023443234	21.880729734987703	-23.831578235251875	4.213292893360277
3.9814417723581834	0.3997984517350561	36.77777289578387	-15.685186440483706	-20.478724511142744
10.73087857787248	-4.116885241903111	58.591408132105315	-24.46083433935101	-8.780213609557803
30.76682712982242	15.94192179079782	126.85953780177998	40.0734872550921	28.166455945513484
6.9064523779937605	10.897280158148039	-17.761651950859076	2.437646890553401	-19.03197140133506
-9.926989947261204	2.0393635675077313	-19.106543126302622	14.496384420416193	-2.5050713288363085
5.34815105094993	14.22601803566095	-5.726655223471324	23.96983594893782	23.39004251356597
8.497845844966424	10.289351370467765	43.18759910797335	2.0634478860613377	2.521306749521394
5.187737103642285	10.789305931114992	15.947620947989266	41.85457191780878	-12.324050273929764
11.542760710280517	6.749636226625347	-6.54074483663813	3.8209375225043147	-23.30650694041354
-19.379413081354038	-8.46129100341074	-96.06063525385234	-79.54393559641355	6.599822664633119
19.509277027211077	14.690217559627992	91.07534426210104	54.884696923846114	-21.30807455691368
14.803456531459124	18.8227209622171	8.83301587753023	36.803290602269	1.7972405493893688
15.02568891270804	6.193113322919606	55.28047079182624	16.292199907219075	-13.898536392740922
12.284955604097187	15.930073399846188	18.180228773669505	6.846505776592577	-1.4572053810301537
12.917951923073753	9.604222568129718	86.7949388366428	41.440549267673724	-3.912351020323827
-5.442189287545982	-5.962378401127374	-27.475639719020734	-27.16428035135157	-25.24022184436838
15.058637760609237	5.295207553349652	32.860927133646484	-9.591708405536306	-17.497312506770655
5.458090469386569	3.379215169726222	-4.649825767575132	22.73549089561606	1.2520667519897157
-11.875671295121606	-13.912134104593076	14.790446920893222	-16.683388355730877	-20.997610926532516
-7.92210479365505	2.5274564045402705	53.221110523005244	42.80295570847201	3.293341738020086
13.719138518104826	17.08190881469056	46.96081475823318	46.93406292507189	-27.080955174500424
-7.111720315081566	-13.54592631256821	23.491878675975762	-41.339648712307685	18.288599634037737
-25.892059383130405	-12.8751991849697	-22.90074650920354	-9.24513876710572	-16.169810339841383
-3.9134008301371614	-2.950252140916278	-21.952717540640023	-0.12228863067689776	-27.454321604055934
25.94130134682412	6.96015087622307	121.68910209782294	46.61805112584826	-0.5619985537316217
12.592123313341249	1.0008213535352875	25.187174336210887	-11.276391939469413	37.58846346232837
-12.158831692821131	-5.09254841498468	-2.841453582343913	-12.312972539042203	-14.712333601259092
2.9619632440551587	-0.1548605692705085	19.137361491609788	6.083072092897284	8.400626696998645
14.886136334750107	10.554447410839582	53.939859520305774	29.379974244736164	7.772530262872297
4.485287783146221	-6.784984439528548	14.735368684063948	-28.75342256499208	-14.806501158408912
17.530630472657034	2.880313593265563	66.49192418666331	25.733437625295373	-53.416097754482365
8.885489273887968	-9.515874147741735	57.75658207110564	8.780043636419924	16.127020113396515
9.678223604859065	11.886917227688905	14.494416006858566	45.1432850821172	60.44478230733871
-23.420682821307157	-18.410958446049968	-28.384752154696773	4.391661007154759	33.73280794886711
-2.0174158279622936	2.6344677897503828	47.94035027415021	44.85900803992543	-14.867995255569417
-16.544518557006135	7.946870965638326	-82.97154423436317	44.88076267041986	-10.087851237401715
-3.7333694745670285	4.504152388664175	77.45630169985114	53.643362228943474	30.44741353479613
12.441228577508275	-4.219701319659006	-44.996362433856255	-31.61597140725248	12.772163356479988
-3.847454971145685	4.184951830563699	-28.91304427684637	29.242024281181067	-41.94190870088555
-0.24579082703224892	-3.3973049947968383	42.85233848252076	4.705752565746202	21.129270442740193
-22.655735113533478	-2.732707364268455	-9.491910166354412	2.0039823182140544	-9.802519756317075
-0.3125930705487605	7.289819674391586	-29.372286691548403	28.012734784931435	-39.487422445444956
-0.6058723309110983	7.347072639890386	28.051529372920108	9.921676796114914	1.288659820961344
2.466419622739812	7.352742543380996	-60.83360674957258	0.8686276340307116	-5.515297946357193
13.766525304692111	6.1220443332205186	102.61505235058179	30.542426477363648	-9.79591710060104
-4.824396145140056	-3.223599459417793	-29.57899168855576	-5.179795715758936	-18.193431184920662
6.4123678707030995	8.858770867261631	45.95641114254337	17.681208548901022	20.720816997647958
-10.753547614837126	11.221203038070012	40.460153598442695	68.79989756157538	-24.454893832950077
8.985410248859246	6.057920587765348	23.158058936480156	21.184987200857595	7.127224712750595
17.841401558958307	14.082724853217588	68.71659982589593	56.282896832159494	2.7809021305580655
5.55682820661979	5.46406823561954	-23.1692850558374	9.427874389026815	8.21247086724435
6.299705155895827	-1.9445919272001855	-11.598734662268031	-16.757205823471143	-29.023544986248087
0.1685930364941728	0.3010401437473668	54.78193176376091	19.84835051410436	-8.271619249941411
20.37962114735771	7.8554820109471795	-19.963985337923983	25.557766022774395	6.405815963436417
11.599771663223596	-0.8831874297679374	68.46009799548992	13.614527824430233	32.557245856390864
-0.4133143972122304	4.540497010265675	44.430043734565174	66.09188824976971	-14.072429542206363
30.697972408933655	20.015713752161275	122.50240185590724	33.32378408563119	-5.607103331003271
7.36333829705687	9.801611953898195	-23.63950561447815	22.0279593360037	-6.5214952124642185
13.554363595650598	12.230412164691035	-15.235176711413759	26.93479089920792	-25.90694964740386
8.91992261253893	5.490045184722302	38.09372325083943	20.304295798478623	20.442461127214102
22.7918458115526	8.107749093424319	100.64310155743196	25.165077781240825	-32.44887800658444
28.05534534382474	15.113259867835165	118.77223837192054	63.73882674624558	4.281591972591536
1.8530511559406986	1.2087591264134454	-37.646773114682844	-16.825604060698733	-20.455285936695397
6.24359535265354	0.48002390285367713	77.67761512646723	13.690353448635317	-10.61949338431465
9.091718111221196	11.391634405661572	78.0497341253898	35.17919920141541	80.62155185136284
26.659379184589145	25.94131088476569	98.8433042412502	72.67650665286179	17.703973517932234
-2.3354062551196524	-1.2976810593040689	-63.264552840585516	-14.541352349118299	-35.67034609069649
-1.0236276994391573	-6.316252962703483	-103.86762197674294	-33.487391340798375	26.188927679228396
14.201931822494547	5.787008246595172	94.44112113129496	49.86660380702428	21.770069140048026
8.147453450190296	-0.11679535906246312	70.24844237826477	36.89482712018116	-5.852312143063098
-1.4917766649670385	6.891069561117573	52.39504418858892	56.903024497121116	-8.186952795496035
12.801364886764665	9.730016333692978	55.790480480224744	17.818840697703674	6.132928189118171
6.320362397376632	7.686283180100267	48.67573060866783	17.3492287843967	-29.213821703577562
8.348675699951574	6.794086924099295	41.46752889196235	16.71123117826277	-6.979040809964776
-11.427126706088016	9.126127486115347	34.213626652100565	62.52358677420788	36.07270415833676
5.714957356076734	15.329895547811198	24.54195015074356	59.48217760285599	-25.738895163460246
-10.663624277795702	7.565031260670448	-50.61538760654632	8.52823580904103	45.25322760236258
-10.377708115157121	4.9712442047925895	-59.04412720867375	21.521275500793244	14.963070411669726
-7.834619157405881	-8.596893571447948	-16.96777534943402	-22.791846189750757	42.24003546096636
14.106351637488864	4.131882139883178	59.148285349922716	32.048295222219934	-28.75169359238816
9.11839705878786	-1.2165843047801657	77.26691963262368	30.598683006657883	-20.298777894539658
0.8070474703372253	3.0620654974214485	-16.7402268615686	46.8982496843563	7.114144244145877
31.648583046657624	22.047105556013538	156.12359489829623	82.12256693516589	-13.221092863783115
-15.025584012202716	-11.489532182183313	-17.39227074438043	-7.975980084246996	-0.8579198596313486
25.427323029165606	18.910510559196304	76.09737906113077	54.83782336905225	-0.3780842378885972
-9.745488431716513	0.5368892974320477	-0.1289028599129234	47.83463179761195	11.110253434238064
-10.569676009793628	-3.194965755263856	10.719130040048658	-27.20832118905797	-16.12919986729156
0.4272163048111085	7.358784130514837	42.4028050213898	35.56208206147979	-15.66252396344326
-0.601243716660702	8.89034566082437	1.4900737935392558	47.19349873080079	15.964951567992074
-12.424670825921485	5.189288953305552	-35.05611721476428	22.852665803919436	8.300338451035367
3.12743147510087	11.226187484721592	-24.618984527068765	44.76561358153297	-31.910951713198443
16.414105888910242	3.716149075476862	-23.505257145358048	1.8748081185255858	2.5164107338271804
12.279445881376645	7.273281298991834	55.62509625370225	10.972985423939674	-17.97502112984922
0.7926563418289374	-1.3687497316160178	31.566728393366137	6.334959852891951	25.037564538416916
10.886323474508039	17.508945505454072	48.69100977859144	70.27773437640971	1.9581248470590662
11.83527947150951	1.1035003248801247	65.1555846687183	-7.426100057884061	13.087641779533127
25.275967588057362	10.006753176366754	118.72398271451259	37.475588456028746	-3.490377033641765
5.795137390630355	-2.5387172946777143	-27.603575841181836	-18.61818025667888	4.985099818872799
-11.0702674887786	2.647071220752977	-77.1378464741247	-34.24110930085937	-16.218646493140525
16.21709799057876	12.653390922420456	85.71561030432848	31.105633132136443	-4.37732426636747
6.161915485880457	8.548589804752407	13.446207465458526	42.19004419044089	23.06266231231928
2.5758064664620157	9.907726906745511	38.88668108174382	42.55518471469419	-28.91632772843424
18.521150745466677	15.935450805323633	26.344351419988953	33.771662173872315	7.614932996830648
7.16012353143894	8.113514483568155	18.637178744396458	-5.64517540011833	-25.917639030944443
19.948692791059905	-0.2709599248648978	93.62553962373477	16.79216729564072	-46.557579313868544
9.415012297463488	3.273490184572055	31.737062298972567	29.619103812227934	-23.754654886650215
17.101541856950536	1.4653350468546207	81.07142137683701	15.624840413213846	-3.705832438352508
1.9209185051748665	-5.492702072310196	4.352808381374158	-31.843866636882613	-2.299450050300565
23.196714874958214	9.22087914858479	134.94255028135552	50.34471730141127	-18.769938440741544
0.6165737806351883	3.461393419991204	-11.869812841696582	23.56158478317686	-22.856362892856204
-0.39660855812112866	1.2055331958582327	-22.574158853450495	7.158904346207371	26.053056137998944
-14.693353803718844	-10.185300549484896	-33.87234077763905	-21.802757866261313	-10.546312770164356
3.946666024749609	1.3072860202414964	44.2136522234758	32.33242131117405	1.8149417772562393
25.490763955721928	26.74502646649415	132.53637192319195	87.46776002496387	-28.613738975252108
2.2213304628755317	3.8565739463099735	20.816161833813016	1.828286558017764	-0.019193004675549068
-1.4145677567268198	1.3763558029607503	-54.237259369405606	-10.779698311056212	6.404465896452397
-1.8428042380523184	3.3873550516182425	5.4998210556829195	11.52256453281998	31.448107387204534
14.952941579036677	11.038547119165534	28.546511554110612	19.215180827167565	-1.5602075975018586
4.157235530175457	-0.20314968807464792	111.92818809483661	31.6968623040607	-12.937634767296615
-4.59989380775018	2.851544658536699	-12.360835404412134	-31.683537295253622	-16.3236971343054
-6.568932409754046	-5.461567776338166	-37.86733743195736	-23.37278141812794	-7.481960814861466
-1.4413802964582214	-5.177010521314483	45.938416684202444	8.398556219761604	-15.146058031721108
4.721881714709386	9.987198770132508	57.713391254953734	38.618052238875784	-29.55539699408226
-8.276984319695744	12.454538663386623	5.767980401538466	25.037082443007126	-4.72375826844964
7.313164810615915	8.857229218267639	20.39452049051801	27.62093073266639	-37.55206899115798
0.061593618868778	0.11161693958056768	40.865749535290334	27.580487540626077	-26.878173580819457
18.27642812182198	8.120857927464039	46.05663889675551	39.606558147957436	43.79703571089953
4.020520950500331	-1.179097306663971	10.809296057657763	0.5387324279996696	22.374091437380667
-24.361028139247136	-9.676731689909444	-60.54665236951761	2.952340945868071	-15.3558992919857
9.220760063999908	20.83515875005136	36.56513535988135	80.17863183492854	-2.2411062758069114
6.003293188168721	10.706084801374423	34.88726181430425	37.16048996429372	6.060418463739352
-4.113794353609087	2.28707850106998	80.57342530173474	61.481281882052286	-17.332502772358826
5.141036502562613	-3.958598903192296	2.9044525112411055	-58.55714806368552	0.1825089096479483
0.894680512878579	1.2284217867298268	-39.544384075426606	-15.248915775784091	-18.423206280396226
5.608261578602435	-1.0922890294038197	28.964457082521083	-13.415768821092655	-49.39393983561974
8.074926380138237	-2.064712195348339	22.076979225306697	-21.262071895911532	-64.16634852464539
8.039821689833538	18.490544099429222	35.283726316018196	69.06787329730955	24.225888370491205
17.359482283069177	22.81010983268519	28.87372847281773	28.65169851479563	11.435229842889454
5.890663192720758	8.97609976668602	95.24413354876997	63.29995676365769	-18.315664267119992
-2.9756426782410115	-5.637577140999715	3.2591725032803107	17.318142877299703	20.556512919633533
11.69928449952838	2.366459201697094	-36.50652612956329	-31.48650393571172	-42.449977084378894
-1.594102691745243	-0.7820297816364906	-0.13114171507485672	0.5218535433191029	-15.90764703150746
8.031954356474998	0.8211713335108011	59.83186909262525	26.790796001407145	14.554653236625187
23.97142503979733	12.746557050559401	66.20191031690679	25.68350073829261	-27.113172164510278
8.525403734162099	4.514936569486178	12.545498444188384	-14.975423911972895	-17.608428993293405
-4.493783732874262	-3.6609979358299776	-70.83979661857965	-27.96878699553731	-25.461763042480968
11.42042265553648	6.474652577604509	53.36803388842639	6.692397889910297	8.897907548585014
13.57392322913664	-4.603020784330232	81.24555207065943	5.032547425495639	-4.052653469276489
-5.534246800739897	-1.1971056152389614	-52.703492510029484	-22.650421311773528	-12.770672317298388
3.4141028009850847	11.543224301074389	63.90916001090711	45.25552543427733	3.84799160106038
6.058597502001655	4.617420256438101	48.27329728963637	40.05942735770543	24.42958808190808
-13.185498821237372	7.099513428380422	-55.23211475283184	25.043123069713236	-25.292046984734863
16.17491074404753	8.80543106232609	68.62587598476898	67.72947965051158	-15.135577628913984
-5.336723297593747	6.009180249437493	8.119877318799121	15.687602587516556	-17.329135016387646
10.882688635709611	16.562436827960127	-6.307102339860341	22.932980036150738	8.239897674518975
1.732172214672837	7.51777163809526	54.112045657277655	15.469302506259666	13.938662604655143
19.795674732915348	11.695878477725717	117.14265268635003	72.33553364660706	-32.149539158905604
-5.720434485771617	0.45853503274681745	12.171614605074518	7.344476924931574	4.211413483039811
25.56997989903278	11.000579746315097	129.8921642616363	72.12170543576569	-48.563477054593484
0.1406288417252761	-6.629626901407122	-4.02106061520594	-58.62368335715048	-0.45855560655122224
-7.569278653841633	-4.838171930181487	31.88997594585233	2.285824868450734	3.90630330641026
38.74426135245782	12.382055160244118	109.61144357317222	35.99353262694653	-33.482323759872045
-19.264293458483618	-2.8306936409618686	-64.23943665273814	-26.360348025247998	-5.873281257497598
-0.8182121989362363	7.965816756381709	-42.89839852164817	3.2023101515019285	23.830695096101216
3.249528200435343	5.907230363561894	-11.472218648387893	5.8310643676492635	-17.22303447316856
46.443203291960444	37.46064026748655	100.48567051861518	90.45530133926721	-22.76332338996904
-17.293803965462818	-1.7163611487241206	18.328236644429527	32.313412829406026	14.255574130057754
8.291149877592854	-1.367228380943659	44.534160776938684	28.630669739041014	9.451759156221677
7.885557977225339	8.94802518281368	-21.85265790519227	25.12301228464316	-12.272892817868529
3.9240375118295896	0.39924489823748316	73.77918086552575	27.300173923551014	-23.34551380076531
8.064928973670563	17.9913026386825	16.797055402378646	49.05833130162485	-41.47485151229509
33.91144379163016	18.770548608930852	123.56574697677766	29.26111320856233	-26.841940500108084
22.80901794104037	13.645303015112702	23.399138362128255	31.14484814456048	-38.6108743160111
-10.478077977155547	0.8570663833576194	12.837125928027666	9.474404815418186	-21.44989156742996
6.503507116534956	6.707536344932221	52.125351386459336	35.62075595851934	-45.748245369077274
-23.223255422015228	-16.04708290583223	-28.294936499210305	-5.537502156349909	-39.510328244679215
-16.176409617986657	-12.067263482696363	-35.13782439438249	-32.79889919303299	-24.05609435560151
-1.2049355760845615	-1.0180549702970876	-26.80243935314642	-10.786184012717356	-24.218369888803586
-20.68105644339908	0.05837619335436466	-49.63366550481828	-11.144999861366319	19.80766164467313
12.09018745619227	13.726374080247405	42.561656893310506	34.90483367155089	-56.700339264361375
13.347575048772729	5.747330170981233	31.33653829236737	18.9518282314785	-5.310604402341249
21.790537338315836	11.352467264069864	51.85697972943883	1.326492481193535	-53.7670524138028
-3.2222923057665325	7.743019188973877	19.500091311816696	27.359886994052196	-46.40142312959618
11.979420461009072	5.530397098713354	24.35043793972855	5.172758242096134	26.42046958245809
10.529710698931458	3.3108559302935214	12.444352256491289	16.4784201813531	-2.0713267170088403
6.125948037914246	10.501797819092026	-26.494822790823523	48.63630448346628	0.9490179832134382
6.078571082902455	-2.1838313421387467	50.448505071457305	12.713660940358663	-11.20547010469834
3.0535909318282832	-6.647877437517758	-32.34159736173511	-34.015285932701616	-12.7871025730684
15.329228997922565	20.05604704646941	49.692787460748434	45.320934604565885	4.282033376482343
-11.188580168203053	-11.313624573770522	27.720436599964703	-10.675895375166844	-11.758965837998533
0.7114643611067885	-1.1523657746423506	36.374100084617396	12.240625945486105	-5.137271712929078
-4.288182112939502	-4.547615065024263	-1.8556583661350494	-14.147694655634963	-5.364618532414911
13.526484528172714	6.56727615128732	78.26578330876622	49.488151570176875	-49.19589563028793
18.902963003377923	12.440469625948419	92.43419525555248	59.43333708676001	-64.25701334064934
11.61890267264511	9.99734693538252	-11.530252905246096	26.634283692800384	-2.6668866542118583
9.937169638252342	8.67984059467182	30.888132754970208	9.331581605010259	-2.0341567082628127
16.5455344908246	10.81165213593159	63.96695873231334	52.79061114327664	28.85981912893647
-7.328479689486848	-6.200550105531094	63.77413350989022	32.36613320000176	-29.644382945876554
-2.4268427444026166	-9.047296080337928	56.788278251207494	24.721289630476903	4.8109542907505185
-0.5184023215159349	4.360589658377859	-27.806863695536183	-0.5649789213145264	22.02248100864892
3.2559350455917717	-2.093942846332718	2.075603553207715	-4.8262365706235215	-1.5513581596470367
-2.9907575745959742	8.21856835783	4.996488571159002	13.127783992472574	-23.460346411801854
37.23533454646762	25.0745247987567	150.19065540969174	110.06673840841397	-21.76660638741805
-7.848401223275179	7.165970983895837	-25.841652000384276	41.826288495912166	-28.124406465810075
1.406044073784622	5.359536624845284	32.11552800755356	42.02485182573961	-32.32959012560348
31.35093560127759	17.64082046840204	122.56081922542046	55.25730970949775	-22.730624862218864
-0.42210828375474113	1.2607722759947004	13.519402794504622	33.65661426446923	0.5503068756398843
31.321065627694182	18.578799395302088	56.86018097723464	15.681187214122046	17.079137365771977
-9.004632197003081	-3.4901551508186635	38.03393533892155	33.07367751030446	-9.788582905156469
8.628577455437036	5.626100935345215	-5.5840232380950665	26.10948062269297	-54.59508902482577
-14.89645751592078	-3.7058639722844284	-80.48078219522333	-32.56105981556758	-44.372504063658894
6.333831061306038	15.831102458983814	57.981710126376086	48.103676926702505	2.7732571124863927
-1.3090581021278223	7.321214473560637	-1.6819456367396357	51.29517579583696	-12.759766995021653
-9.674485646465454	-9.055803113118834	-77.21511039970639	-66.93277442251497	30.130013337202072
15.547080002255713	24.810176160460298	51.06652497350805	50.29986879024216	-23.526115786259634
-17.137205369602416	-22.72549425390409	-90.39452046512552	-50.5603052261114	-12.507551410278742
0.2178180657521194	0.27573252981702306	63.52718247506225	42.70743084472707	15.257615575520502
-13.941721942242529	-10.141747099663315	-56.33745065168541	-51.45898047944283	34.2604601037659
-11.542619376633231	-2.6196964171725763	-59.108095494195425	-19.884027882068114	-14.684699072041596
-5.302837130553889	2.08839553528138	18.166180033197953	13.56737236826421	24.88182009754869
16.855861632114795	1.576430593843701	61.95742302828597	6.526617654843755	-12.99268727956561
-0.4975097718520629	3.9361016205168458	-80.597220054433	-16.176701302260245	12.173584494744416
-14.808205583951702	0.6993641388144398	-66.55944631278585	12.239118772562673	-1.7388382747246345
21.406796342567816	2.9366355533855897	119.3798403956745	11.966512918034681	-34.05293965467113
-2.965702109035561	6.39343905120484	51.48983027996712	50.135233131009215	14.221474267564606
10.15580884873772	-0.548533510195333	21.422272607377987	-28.575364349002708	-3.2375604598247074
27.807826487247155	10.675586476102911	95.7874887363927	68.3606626112128	-29.043770460250126
10.198528708084162	1.4008178655002774	-5.574492708522984	-11.363406521329855	-16.24448338256882
5.8749899865746125	9.996917814952472	-23.98197486778885	1.1364435354150422	-11.148662458468738
-3.6201113113371886	7.060578779610413	-10.911731600728931	36.972924926573164	-42.948459035789824
10.284810881956972	13.865682858942263	51.16304191435429	20.618954623986845	-28.781766978967323
8.026984668362548	15.284486550365791	-18.1795973763809	45.909172381383215	2.0579037779150435
18.594252324730302	13.608484179914766	41.91094212757232	29.33736298865048	-0.9512800193913954
-8.551914024400253	4.320008895750775	7.286591251753416	38.71356424109295	-34.76976739603411
-14.659647018671388	9.110310923936751	-68.3794390309806	17.604763512127466	-15.528120618637098
20.139869402826204	17.8630469023962	58.62664442222509	42.35078993765527	36.37493467340573
25.164354626945556	12.838787886533284	79.60130402485895	43.717564729045236	45.48671865247848
13.272812231306078	5.069618052804487	88.38565055962528	55.45033232570411	-48.855458064188156
14.71360242931202	12.902669394151086	58.936016978776394	53.17019373323946	-30.536066532032294
1.0261410261530064	1.8915894926274013	-14.353687930882204	36.82703456406166	32.69647410375892
-6.56605987938256	9.706118251741673	-16.42713079558415	25.754255041451632	-24.636109382045966
-8.275308816743483	0.6491100520906682	-69.61851723079073	-40.23141916058179	-50.16927494345199
-1.1198716803439004	6.105525363679333	19.07961998313314	7.949480670044629	-38.32575791857934
-1.4055707026998832	2.170189128773897	51.3244006521642	8.75510345442459	6.630621613288537
14.31653638376101	18.46374824317847	38.490126940268965	63.764552643827	5.383265177849015
24.61351096432419	12.016431508964931	156.57668569258652	93.04352353352137	-15.027063385356632
7.269807923704336	5.858590609371324	4.731673097737864	47.44366512671992	-4.825700483937547
-8.591307329367197	1.4480257181499556	-22.894391927693423	-12.12925511706444	23.726292698014422
-1.8907382437444744	-3.917030997188388	-11.675968688246071	-17.84364486844497	-28.389666725605352
-0.06081913579849185	6.623350654065441	3.3477141789136913	40.69470228019665	-23.122074449670134
36.90780353400995	18.320014183249917	100.24053075825351	37.03398763948807	-19.981570933133256
6.057728767337284	-4.184351448600192	18.433888463098057	20.18036687869465	-5.622144303344358
-1.8616410186683128	1.2715599700489038	-29.35986368769656	16.18510580905184	27.04270187848417
3.4803366272680587	0.8130596574021283	24.698318269042574	-1.2395066689542031	-18.491890164793688
-14.34202264012133	4.505449757739487	-68.46616847826658	-7.90340276499011	-25.38043162455352
7.1189779587919455	5.731923551448214	37.6840949071246	28.721768861469997	29.122195123571082
2.939276801302176	-3.4938155284302157	62.84168701123405	13.012881994933183	3.5961643825976704
-9.998636795817557	-11.954369767775415	-62.62306014282422	-90.98640278683116	35.81413476234365
3.9883291628335975	0.8057190715925783	40.97201230184638	25.918685141710057	-37.653321712755
5.306154736567785	8.786812221775907	0.8911122694234904	37.60099802485128	6.488337687470939
-13.445053684820262	-13.045294736418798	-14.549694080929516	-13.186304941199154	31.464164375819966
-19.00927393948663	-8.745942248526221	-77.54895147653184	-12.642731496990562	-14.97188166160083
13.679539924328022	-2.49293793771836	30.805566468473085	-2.454045428863787	-15.581376250524293
19.00082524482079	6.245126750272806	72.30820603716549	0.730015657961391	-6.471237568018242
-0.9156235148820687	5.141547708093803	3.9817649081133606	55.28798851479915	-19.88246111488244
3.381894935226936	10.115431607647404	-95.12213634682566	11.179374314516162	-21.59119406669659
20.05992690757318	12.766164038216669	62.66928615103258	29.917172186550868	-36.91850373965449
-7.774981444956268	6.192677827033342	37.79157758210878	61.51170780203341	23.966945639313472
25.33520111308259	18.473795094579113	118.74949375777435	71.43167413036001	5.716787173362299
3.8619499049636032	1.5633332977050516	26.257116858455305	17.95610969768059	-11.343022888424654
3.625541471550405	0.6088660568453049	11.911463158895648	7.323981800478193	-41.81413020707807
14.536453216598058	4.199495106077192	99.61932937365282	45.26042589531956	2.534374711713508
11.727015994274218	-0.6023109495385652	43.50712362860931	13.338545743354569	-19.68822742989734
11.499884657355457	19.47394047892901	6.7976740275444385	50.21848053887194	-2.752308241872454
2.8620748282145163	4.568493462495974	27.751588317551107	13.315673820098358	-14.132169774880817
8.749788775766717	5.226057122362506	89.35248087962673	34.28196083958813	-8.509564592067827
-12.972488635082195	0.7538916182346911	-7.220338644873638	27.97552325020515	9.00580946297329
19.921119127645866	13.695379218	57.61704735481832	35.46544175843937	-12.697007981758889
9.869269401611842	-1.2586486810842314	51.81075660699821	9.004849536579203	18.845753133302313
2.329727101968286	-2.486911251295878	26.608609957010806	29.87700088298978	-38.89274935797557
27.831640037361574	26.042227800704662	115.4909783606606	93.25154659799544	-18.637814587238022
9.19466337164061	-0.512346185291226	-2.9192219454324695	-14.588840393698941	-3.4689541954863645
8.713716769101516	-4.665853732510176	53.042117637577554	8.401394375059077	-17.86389117172371
14.019351491829605	8.917907181737814	49.2758145624532	13.229508362410597	-21.698931094421386
24.18400057011836	18.77838768565893	130.46935871054055	64.59767488364966	37.53550063148443
-7.403043853654677	-14.071767303008317	72.13482345377949	3.9056149952758075	30.77867715310925
29.514363309219178	13.039599572564969	71.96951937565386	60.15514141624282	-49.674367722852736
0.1684027469499531	-2.0710568635476916	-5.841756042131757	-1.2571760900855167	36.08993927684973
5.910052771721209	8.194414782789067	-61.332578884513474	3.8305734708815318	-17.813501350008043
15.255004737005967	6.121373671721677	15.573692220810841	-1.681560212556859	-64.36007396810102
13.168992631578504	4.725344233281806	70.76406520626531	19.8824241222361	-36.11855473395988
-6.875690017705821	-6.117626105735455	-25.096228826764666	-29.215569538225104	0.19979365347219313
14.39698727675713	9.086922721745267	9.192974034063102	9.337449364806794	0.9928512502837371
19.412490125462593	4.636004408055921	65.4243402693425	27.948069540204447	16.40985669859427
17.522662772643823	12.877472813009504	78.07847216391737	59.54589685198587	1.14919860874417
33.43054176725327	15.038321437333279	102.69942923298743	56.04430746299368	-14.735310591550187
-11.992946712234724	7.396680905639139	-77.99918111351761	37.847843092088944	15.239618132421377
31.649336441254242	25.598849319469547	72.97589774388041	59.13273553436963	-53.890402428612
8.790946595540058	9.979766989353799	46.09399276171498	38.594559113790076	6.100485789252666
-2.108980416889393	5.911341556847851	3.269242449742616	6.4421534833250815	7.8377705189784495
11.298384761212027	1.6696435218404904	16.493929150492722	-27.304916817230506	9.40722153305512
12.431938095138538	10.267728708262426	64.76221808589129	58.305584503891374	29.83192837996137
23.809913462167945	7.107959661285257	80.78068978960522	51.06013136217714	-5.902616355391876
13.561938069285288	8.666567813701484	57.07883148024798	40.47517420806689	-36.272296769071836
29.123981001632313	10.612213929702175	106.69978613658665	32.49515555404751	28.105219022052058
20.873807694934136	8.950265426797943	87.14913736445975	59.87512201292529	-4.985540917157716
44.266479287860896	20.782062880457676	163.95367117148447	33.123721706149105	-35.74750705533781
18.502172875014057	15.404131879208757	76.72833861992808	73.95847040330474	-19.617807861933116
-15.001508007925526	-2.859120080606323	-4.677325019234856	11.004546320324351	-40.993479739938685
15.196841928705256	16.627691937839003	34.85914285061191	50.838208571011144	7.633530163405352
-0.8325358459775737	-11.347310230104693	18.624091845162393	-2.2043477256803956	25.774035264603324
-11.153646656630547	4.192580949219266	-6.242832890661893	36.43808845453112	-39.99587663185151
15.132382671311406	-3.0552240280763576	118.31474753702304	22.102606784108275	9.791986431068855
9.012753249330189	4.692043415186628	28.460148692381786	49.60448529407979	7.450812214574505
0.3368761271615436	7.987471497383133	30.55194378864034	28.644655123672877	-22.160172186508362
5.232432152855408	8.7051323856556	80.79119614410943	43.075560975502036	-33.01012491857401
-2.8885984431071834	10.758769320494528	-44.354071040165124	38.21964614247058	-3.844893702370668
-5.351792310532542	1.3614222469604813	-14.770412549859616	9.75858979490434	-47.71556007906827
22.250240803690925	5.816327881441438	39.98460861378873	-4.334567576829613	-45.88917242407968
-3.421440194889424	-0.8294956841759938	-37.01672867488737	-10.992209592373358	-31.630834171412094
8.356026656473809	7.807996637501552	18.447695027080936	4.998704331484659	-26.035069989436543
3.6548872876521297	4.4509465795580025	114.29771745069723	39.57133149865449	-48.83024353187303
11.485536749077548	2.225057402454849	14.48805755051902	-22.172195661381306	-7.676403010734711
-7.48845165602155	-8.727791437520612	-22.049845400620104	-36.30431456010072	-49.44900878877364
18.19639976647127	8.215143989571143	117.27456523623546	43.098709154949454	-35.19865352767378
17.605750052845014	10.086238393112742	100.57055188305502	50.083335342202155	-6.23907790616155
7.02309455531623	6.578103208734069	28.015517136965496	25.1539330441684	-5.093771964422382
2.698082611714638	11.824774161024257	-53.96387888049027	11.07813103557645	-12.111408690687794
-1.1961490139122206	7.039988772258223	44.90458520627421	28.56145053193851	24.323213990100246
3.3188348565749486	-4.96203656970907	23.395271674559	-36.60024487916035	16.105647901217917
0.12672992025062702	8.394673167843568	-170.90567840073464	-27.72725275217968	-38.890683695027704
5.1038830457082325	8.723471691375467	43.982693352936295	30.09931371486767	6.633498631360403
5.232350988017536	1.5181811523113362	-1.4837132282061987	-15.465735650254041	-35.24029670706571
-4.408773121323946	12.7848087920786	-66.69252721415884	50.14853156444086	21.711480804394714
24.7509840332206	18.33888447127451	87.92429732874095	75.71174332164036	7.811131795709157
20.03858614709657	21.123006280403597	28.028762492535346	39.33441911373857	-15.973092286575985
1.045190265380156	12.432181004731863	-78.28926642045487	27.119224214568863	10.706354944724051
2.6270557370024363	11.181582363767472	-40.46761325517048	17.84371092122768	-15.646478609242887
-9.820177020818424	-6.9642937240459775	-13.427742921378247	-5.110447529350389	-21.701733558338088
6.9834966182873295	11.787587110792986	1.8135796137396476	55.27319270711381	-26.547015255769526
18.85642717274341	8.886948296479318	92.94603568208116	24.50299536803207	-25.465945802429438
18.89591670418189	1.5320521562604432	39.97254897895271	23.826778806858318	-12.00665258879228
-11.343786222294938	3.1282993362541016	-53.18405740273871	-26.569643328018007	-16.99380338895096
5.439323192239072	6.369924608259797	3.8348184928963254	18.516801589453816	6.546836823215363
18.84836483118193	8.798984213998327	49.18634855219027	33.887407224055416	-27.108578548468692
2.0299368221188065	10.486767675104424	-14.783467165557798	-5.587143853546976	1.0508281783628297
-7.131924656743786	-5.665362284251225	-61.099706930148066	-43.796829534905484	-31.010149476442493
17.115707283728295	10.966804506636032	54.42991421414195	62.98814324179229	26.247739315249305
-16.28403312277795	-5.097822799809465	-34.16871965028482	5.107260243490928	23.697997519715777
23.70481616046062	3.4948233262142114	54.348358352483196	-18.513698758039457	-21.756699879739088
14.021485070509957	18.07476338522887	16.462755516478015	38.92155005171542	3.6241326361258923
16.392683347418796	0.3300784070553976	53.2166634689077	11.969332274484724	-9.543266542977847
2.0394957495838484	5.28744684085136	-8.634907669139581	19.64944154172905	-0.9020266221101625
13.752647411593578	5.171580130132813	98.71174989328058	30.025843074529288	14.82744841602698
3.3395224604457296	4.404411018209335	68.18870174223042	10.634834289375753	9.63001239135271
-0.2760570928279826	-6.878681534854895	7.940043021648958	-30.796429058320047	-4.967183691075285
4.310548848468511	-3.803537128270111	-24.16334696868055	-33.7721810999423	21.216819387652862
12.14666264068823	4.693436337115872	40.22277754068679	1.5734232039935534	-40.51774072031295
11.307171929069487	-4.9946042211579895	29.3195040283439	17.73119339061138	-3.721175797994327
12.46611543610191	-2.6203448930239888	23.321190576665366	-14.239123835228215	11.253712857749314
9.507865941913058	-0.14231316177453163	20.607115215999123	14.956185428574734	-58.78950188401943
16.689088214684524	6.180231206435145	50.86990854167301	32.17431255448146	-40.322308799058575
-1.2838763340522281	7.233222786316569	13.569673677673821	53.92335042164356	33.26616066699931
7.509269399143082	-3.300214447748962	-9.069933358039153	-25.38850397459602	15.312110371601827
25.809955614492914	18.772540712024405	104.17164917308324	72.3544660888903	-41.52935370805504
2.7128710947581487	6.874504929642814	-6.1285073469943425	35.73383736856565	-0.010218082943373499
21.414767349567605	13.882124170553293	95.06285683821172	59.07868634286923	-6.87896221348977
31.254660989082826	13.033599774802559	133.02424953718108	51.22041411277606	15.511816074340164
21.46352605719515	22.99988498802836	98.93162889977307	47.29258494221885	5.6192885127981915
-1.8761589381876416	1.6893179316314966	24.579735709369693	15.581036378066017	20.587961919799262
-19.616611093237214	-6.245132064556619	-45.43506553083857	-11.683365726869988	-38.09695864937807
15.769096570723303	1.7625060348232662	90.16568422869622	28.814468329313154	22.641881624996085
-10.11397345757995	2.1032112741279416	-122.31751896382248	-20.019232951576488	-34.65889002198473
1.837606408175556	2.372773547889913	-22.61135894055071	24.867202242105854	50.66268899954435
3.2290069349763564	-5.218424315414867	67.79702222411451	22.835603862917154	1.4911601928932836
9.257030135453258	16.214135626784266	38.70262828106096	59.917209884840936	11.40050062234224
-3.0206499926757355	6.916124512306499	49.056332802589786	45.879798268281604	34.825010337083626
16.752488427716084	4.199399704371008	63.38691262848803	-0.13539376353376817	3.7280764870278604
0.860835094123004	6.5850584830130305	49.299265080318584	18.53949092414296	5.137559956731973
4.3027850893075446	2.8902479544298445	69.97029886643871	16.375355248333012	4.650180003818812
3.753477656966498	5.109021074890655	21.5857861089285	-26.304117467589517	-36.37408604049036
14.997895489625304	10.498697578003716	-2.970850513394605	-2.09988569091358	35.384366679528526
-0.8236671194498313	2.5575016636175483	17.06701221912433	35.7978470564404	-46.50856594426132
-1.4984201534951982	-6.606125772021137	32.791328516735746	1.6530696074390356	30.13835696307688
24.399238702175968	17.14476494075511	101.28392647869839	73.25656865938369	10.516194010118504
19.825467173404757	18.31637731902013	80.3751941574481	55.7173272834525	-9.103502117409471
2.95396999677169	14.381129862987187	62.583296153224914	56.31197532837358	-45.54832017363316
-4.704928427934411	-1.9508038281971658	3.9432454020663275	7.4499082421653124	8.834168324020725
-1.9536024641861935	-2.6307303781677343	5.145206150950896	13.089966895137417	-27.889106425557454
-12.782956795783894	-4.002174771442689	-29.589745402293467	18.813601356330384	10.391662159707643
24.81771199732437	19.481271226792963	112.85729621084256	76.42464019830228	1.991724260848639
22.637720969159485	7.96206328906165	79.2283201458684	35.41376711923044	-25.377599019787752
3.4074558576456333	4.522109148594482	51.58979966298109	52.78598264558718	-39.87981108479065
4.48854733886537	3.536950909886771	21.740690115646565	4.030505005644569	15.101751929428909
13.611148663916495	0.3430048775115392	49.39943096713404	24.52790866523347	18.14608589953477
-4.913106872609787	2.9706826014785763	3.50958819189714	-8.519781052242966	-0.07750113027264509
-1.256813788725642	-5.146475374798636	-79.39509097247989	-34.60772885903646	7.616367218786597
20.761544223492557	6.6325103045228655	29.194295758506204	15.056701532444194	27.603519868412526
15.89325128955678	4.322915751456883	15.038166448070482	32.26860421821768	6.426939212588446
-4.202213241651949	4.107864238186496	-2.5613223613971248	6.348320951985459	32.54013450715825
9.857072896006855	-6.745162066190356	53.396135181711486	18.577868052722827	-25.211420453133616
7.580686982939899	12.25121648423882	69.15439303319098	71.02895873628944	15.666522026126588
-9.234767228276597	-8.78014555796174	-51.838500713776966	-7.863806695365481	4.999392381256915
3.1656645796777383	-5.68106943919982	-38.2502030257627	-53.04951415503404	-5.5041461836094205
-0.9580732280062563	-4.932921575073637	7.706315510715343	7.76595785545602	-11.663169294177711
6.695967084739266	-4.682748238852365	22.547315384058127	26.400310447527648	-19.32195178242798
18.583322676760197	14.244991779105707	80.53913903013581	39.26701209708436	-42.51779736146229
5.828236726265517	-2.522043120980803	10.885894341514684	-12.052143316538682	-40.010929054220185
9.439202722636846	15.166879520027255	33.506801299221884	54.29788762731489	-15.792298696752615
-0.3282872650099838	-2.28891096234326	37.1435976329128	16.36155078152817	15.727293239489454
-5.515635863234977	-2.3479237154313233	14.199024989025416	-13.377515352909878	13.319827948311602
12.892724612118371	6.324716615231074	71.92542794652373	19.86433851138686	31.13989029642939
7.69957191609338	-2.132697674013054	24.0651391211898	0.865415811765168	-4.5478129137997065
-5.547830432720703	-8.465033401857708	16.86816736859405	-20.992421374914507	-12.944488639661635
-6.840507916198076	-1.8888982180514997	-69.57955271621852	-37.152606887444776	-3.2601907442180056
-26.53839487763675	-13.349867097155741	-38.12877430549038	-12.44594149504092	15.910326481291568
-24.19945977018487	-14.567151295138279	-78.08300741555651	-53.82046275572067	24.045318763113308
27.698170179530923	8.379962996462291	115.47465377563246	32.48375494394152	-45.82057259773003
9.805434842017595	9.624322079370351	-7.653800321601775	-19.17278039224489	-38.39725569036116
-10.768337378283073	1.1806176873817107	-80.44334840835941	-35.32865037109454	-36.07429422210867
8.247016397235429	11.391038877535228	97.67667385148263	46.115088759425035	2.2231331638702128
-3.0156844840680157	-1.2106151233177949	9.761197665300257	12.221953120243231	5.114164583922744
0.8436011053450113	-1.0545846022923302	-4.882095543356436	-25.016500832755128	-8.792416530161715
5.531777444401382	2.2029112774319217	-40.08966958571867	-43.568469803645314	-10.437364669443728
14.866366284726094	17.855170295366932	36.601341618988585	50.82264041694851	-3.015796151817477
15.72002241837963	8.368993752883792	57.766514690031805	30.85855169435996	26.920308185591924
1.8456491879441916	3.3455713986786875	102.59042605352415	43.123410363260994	6.078803146053151
27.87151045452061	15.033350584493764	85.17919473871999	37.91407222289977	-33.50657365449452
28.621697801883457	13.889179311073992	108.83395586230506	60.47735650888245	-31.23898803958115
2.0871284091453366	-0.35990380837349206	-11.823219060737307	-6.267658473443533	17.291179666747357
-0.9413226331216455	0.4046549943096347	-37.79181892316873	-22.419067429077195	14.382623967896661
2.7339386092042224	-3.1278752512846966	28.24422777291282	-6.508039940049468	-26.905037785348505
15.657797867878159	4.514091768754635	38.383549665630326	32.74692848144089	25.902446971185036
5.372352357082287	-11.988842760107516	24.956642251372806	-38.64392752114606	21.056972001141062
24.991862057069238	3.544993018021379	132.42039441621668	48.09629127969692	-50.516823786297806
1.0640022954226656	1.7458594921447512	-10.29210833537535	-0.9490648653116183	-14.141301415677962
6.012976067600631	12.831472967718655	25.930336747991948	50.09735783826701	-40.87805999426125
-7.970352608434537	-7.9857746662221345	26.335522462790657	5.787919370295486	-41.635850377857345
2.216900572443621	-1.9936986019920584	74.12141730428291	10.078439017792633	5.825669107531493
2.5631417265988405	-5.186610370717573	45.959823948484825	-7.265654499764884	-14.126022902586874
13.942275452935478	2.899987552032153	1.472815230418103	0.5768946903083813	-14.343301508401797
13.359677769110663	11.429745289155665	29.672316253554445	14.853994217891065	-38.685350788196004
10.39016707373391	6.1997815488899946	64.13057056090966	50.804869552132786	2.460874219720062
-0.83269838315915	-4.977027929498505	116.23442343461481	68.19151749665517	27.96046519103705
-6.580359565174127	11.364853885729211	-17.989109632864796	51.01241752607133	-19.73501467672756
-13.119627455388267	4.44959236273202	-81.89289936649308	-20.925618856087677	-21.838602101372576
4.4697031922775565	7.651144480203948	38.49063439149891	40.712039133962726	-16.62809579584727
13.800264587048922	9.579698208159147	91.23513914234712	69.6627236632463	20.351996064829347
-1.8739809004887964	6.977611728855369	54.372512735032934	32.53925274839987	7.363311559958524
-22.201742619451043	-21.647929728579648	-105.45164063048614	-43.364577410687374	-21.445569737204348
9.328234951827145	9.599161367691265	7.8899613274487255	20.75745893093268	25.84525648026964
1.2385314992554848	-5.090159106022531	16.313941041512145	9.0305376981292	-17.230086533721945
-1.9012817148108465	2.364423202810979	27.243094875618155	38.152068812257575	10.713369262251868
1.910564024412777	-3.653064134963577	54.03567709563527	20.235245344759615	-0.07147824145020391
-4.987668399529668	-6.065377216965212	5.895245131196294	-18.01736928280007	-6.94362221791627
-19.727733095147617	0.5884530337598036	33.061427389730376	34.84881859738143	-41.038458445795214
4.621323207965646	4.71526265796387	29.288650299442565	26.27664323442864	2.714061039466094
5.26193287401319	-4.924671059139909	-30.616814873178445	-8.941462499129694	8.598673731129034
25.410015928907523	17.697849532467103	88.03587901068242	50.15849486477219	-22.877908416167802
-4.624727420573515	-4.863578764979796	-37.809445294433225	-34.721051283128624	-10.645562090856226
11.871035662614485	1.429361325837177	22.422265260291113	1.0465006722198171	-4.468179146323509
0.15553208842409927	-10.266054805080644	6.2849889500548395	-29.874819689562496	-41.77760920192479
-4.8077034207383305	3.521280075798708	-4.200181995547591	17.454287332371905	12.599162933218981
23.56092699535805	12.720250449055985	63.795998136965736	38.8793197782645	-25.906758105994893
-8.421370479602547	-6.473201243818497	37.06172492576559	-3.3843652364031183	2.4511586426583696
16.808232064028488	21.171771721079782	-8.909427126691279	33.434833227251886	-33.614959633429265
1.060810015713222	-3.2385293332779	-0.41596129652893965	17.123914646312713	-1.712562196964518
-1.0604099625386403	5.895975241677596	-6.8853901522503405	33.064599614402304	-14.117568348348854
14.683209906174676	5.2909685349669395	82.59932996034743	41.50528760355938	12.359030995979003
-9.833115333366253	-1.8071628734979537	-47.35619697143822	-4.195213842855347	6.706915231161087
27.50465003525442	7.359055881538444	92.22465312788785	36.30383527547396	-34.09890034231942
17.181896672287667	3.721931192036329	133.12189515551358	57.045889683609246	-10.106215861256056
-0.14503492183968825	-6.660432535414711	63.82287352879984	24.47149224746975	-21.358417147763546
17.837387868978574	11.453969411184675	25.9682058494891	43.00098945921242	30.82247466494002
14.100177717633555	8.427842292904122	9.982908894073796	-1.7032579800199696	6.334641323642259
16.07703793297901	8.12913956217662	138.6662453295935	73.43939610566544	4.520774727012556
7.356067299122401	-7.93582758555004	57.74358205302991	-15.601739186072901	-23.1711308936293
-9.253757155041539	1.2902540311581634	-100.5441928995943	-19.72785077325135	-26.98792070173235
-5.3399873390333354	4.386533258387275	18.425808550777944	32.65126440285523	-9.29350509426081
7.853589592051555	2.1418743800446403	9.830220728343708	7.33094400775062	31.46453911835165
5.720450769867312	4.843808585095836	-5.439888363123942	0.6804780911437999	-25.984676126841983
16.69900777086057	9.753849039045111	22.49201779260359	40.62166709302231	-5.844446696353888
-18.756808033557967	-6.682845735165249	-50.8841891826285	5.7989515117783546	-43.409617732143026
-3.6492564290730636	2.378413752291685	1.773028502751914	7.7823327472721004	34.89973672414543
1.380576798016834	-2.031395657798305	24.493206532695954	10.384857509602995	27.977543642676686
0.2898941174579813	12.47605578761913	29.911968075032107	28.841365939970533	-0.13702770470583645
19.414276495337106	9.338371867577626	67.46176765273663	28.798940447618037	-43.199251976357125
14.511385955016769	17.873419124979275	75.72576756893623	64.31419643017799	-20.785474632902986
4.244261447535024	8.415903775997284	48.400062450442874	41.22587365965595	10.489176091394896
-1.027376555088459	1.6614972332361144	-6.714706679529168	30.119198954504025	-12.439596296208686
12.810774199030703	1.1791520665504767	70.51245545789509	33.48719794970361	13.393662929895736
0.22149236419124163	-5.346120639637687	-14.931054987900504	-8.90143802763939	-62.99930636830441
12.536453937947108	9.910653299556675	63.220193301556556	38.58508925739109	3.3179224214528458
17.733632828015253	8.749953138787907	79.32858281908298	36.58954021122147	-59.12536720117477
13.490368548376583	6.668853035674182	-0.8333769282466206	7.0367290137070695	-3.7058561928902414
-11.13169966135676	0.1284711890171392	6.547976752076473	5.957381418975854	-12.60892450523146
8.252696000904962	10.576279729830803	92.93702513045861	45.11571900777664	26.804857838240583
8.036149400292066	5.9080526094865435	24.111531769918262	19.536236699505583	23.96106940585497
1.5293170744086872	13.136906751223778	-8.780709993832168	42.64536755778394	-14.098972771519461
-0.1085548477403016	0.423406231327244	87.41625735176231	11.778039524458343	-18.360862958422175
2.281124252382161	1.9978522628453381	14.929784227461981	7.6164951652975095	-21.475724160237707
17.305427737409612	5.6275765248995	79.55235823520292	31.80357785832445	-43.16091165529302
1.071631557603572	5.531289823157209	-75.04750457138586	-10.499183257117169	-8.48015082136816
16.96762096262284	8.401316412957998	39.584609621577336	42.934898982324285	3.07603612239105
-7.415823087612642	-4.923465059859017	13.412151428929015	-18.539298165628338	-6.396178271442431
4.73661020021912	10.06653961586706	-10.742911213311436	49.159876492678556	32.484102758692636
-11.036456714862481	-2.4213829679991017	3.864425297916956	24.120447893225002	-7.349644062045051
-1.2274212794448633	-6.29425836910808	-106.6571784514803	-73.63162961431516	13.755762583060143
15.147381873206163	11.75057022092206	105.24506207864641	44.304339332005014	-3.4582843763097166
-3.7537241130465056	3.4434351999076336	-11.262480099123112	3.9903723538393936	-10.42857006406813
7.647683887408715	0.42305307723059815	80.75534954223578	44.18264377056677	-23.024374476603057
30.29998214342772	12.813674752565433	102.57755581514033	15.357868682724662	-7.723669033005876
14.012554394398043	2.4566410420163582	63.70301145476798	18.031613831335193	-28.172987188949037
20.735910064662725	18.18580268460553	77.42553911556985	57.074885272661966	7.821707127771752
-0.24111175890610315	-2.4791162912716285	19.981280045560293	-3.2626913707687617	-42.481826088788765
4.601684776605669	7.597821208657726	47.81581484309324	27.36869567917788	-16.547719055792633
-1.12668280331595	10.400712167788013	3.6585735492513622	0.6485991196506852	-43.1447717247938
-2.6789673489883583	-2.167931764881543	24.11209604084186	-14.307072885090617	-50.45397907398718
-7.90429593049419	-4.45348169434968	5.078290322709293	27.017555335625644	-26.672492756821008
12.444138551178346	4.352183534985922	37.90631582052308	-5.845932378102364	-32.34982055877475
-0.41766393349685826	-11.312726939037203	9.949326310736778	-10.503697937112285	-28.08332829050075
-0.29415240881899984	-9.112916018002005	57.47539043206667	-23.4374904614877	30.644820432584986
7.063932270860294	6.884562199620121	37.04869123402614	54.21305087709267	20.43408947660622
-0.03753200810647968	2.811271404936982	-21.666121933723787	16.764216123521397	-50.668976926029806
22.050758410254865	12.148093317512659	66.96039649975347	17.569445295843916	-5.188653198240303
-14.83494398983481	-7.703490871227574	21.976806376982278	7.378313045611406	2.242338251768086
-14.669332412027163	-6.330339144023381	-4.4904516801427965	9.215997000520012	39.61024271937507
22.174133563776746	11.365595896618032	90.64496358144858	40.33058853793227	-29.193018339972127
7.637024276422095	13.65593126899605	10.217243761280153	46.500999607412105	-63.68623303205068
-4.1805823694683175	-8.388251821259201	-2.112526239390547	-29.027466477077564	0.6328042554253698
6.068867153687172	8.472546255432347	54.5177463990458	33.12134976611172	14.503913877044505
-30.467113148754667	-11.698228309944536	-152.45712052098872	-48.157101226307255	-16.308395161400085
30.586517694168005	7.795647519913012	136.02456646145637	51.09331392684058	-14.846646114726255
-3.3788287292137675	1.1330177064791622	-34.33049492978074	-33.89181467191362	-25.709826829441305
