1.3498863423064655	2.828330031776696	27.468600571162614	13.109275621557678	8.593036215659463
3.6979738003244425	-0.10304554985792969	26.59757679168608	3.5947525089177623	-2.2185698947504857
4.212754308240811	2.4031934355882854	32.91041525233542	11.722171349999284	-9.390723119677006
10.829859945029689	6.617472541519305	48.675594306845184	28.168264470409042	-12.03214037782423
2.821099866752879	5.86119819394563	24.838984437128246	20.81958013945324	-8.109899099416959
8.896973351353383	3.3016129729772246	33.996274736500226	27.14533314258858	-2.0053550088475163
4.596239964744715	3.3677090790887547	8.848741753140416	4.750230478906474	-12.455036345749255
7.766356013886531	8.087610347567779	8.182242458807629	19.227968558279443	-1.662261699401725
4.04991992516713	4.433173406558571	22.962163098805718	11.221028132837105	-5.781182369907583
9.014395998712796	8.055756030481831	36.55382695405814	19.714884812209753	-9.44432163238675
13.357090839455067	5.599699520662554	51.455621204844526	22.217116200717417	-19.777729647281436
10.684407258116552	3.4073193906953767	35.574680014074886	14.853051072865922	-0.10067804304914318
2.1965970371036745	3.154739826631304	13.276916200182619	13.344282225467659	-15.74531100002842
0.7911681714462357	-0.6121921215599349	11.927518430444309	-0.008339745089472217	-10.010039765981139
4.720946733726629	3.3061638681138446	8.958974189215787	9.847156421604225	0.21627661953198185
7.5568185464527105	5.576129321926283	28.29506800992675	18.492117755504175	-18.57665243704527
6.076203336513103	5.257233111405387	28.197057925519765	13.132618191540194	-11.725248866672985
4.617200853971632	1.2413851017286426	38.71315302209332	14.460685472614115	-5.519017011876492
9.085237536875184	6.810627829932803	15.595004577711583	11.917717597266936	-11.011378844091773
-4.6798450207350815	-0.9317881632006291	0.9824195149243948	2.718856966873473	4.902928423099912
10.11257623344419	6.625622548177921	39.32439051423512	20.364344165036265	-10.118338931918885
5.301349156879634	4.291716126632219	18.739387388247962	4.911543473714958	-10.311623369653155
8.510423000780369	6.146424501002322	38.80240308113313	22.7028738522624	-5.298222319269783
14.74316416023128	8.684689624004985	29.55341565279594	8.745896279960732	-7.451092145142824
-0.8182468204668378	-0.05856727641146264	25.177902848972707	9.48825319394987	1.9209663643556851
3.0610368453418886	5.846686840194784	15.527517959226287	25.37952726389612	-4.659142643923339
6.275792643415947	3.2734839658110175	19.911363570275633	17.566001606727998	-8.638111507538792
0.8011467860607553	2.686593979655534	1.5381269839935925	18.530939094635002	5.19662909211808
11.20653476898065	3.9586347385353573	23.561705619994513	15.335603288909574	-3.53332576508803
11.461800779684603	4.395651817265973	31.029165504856834	11.012769641223603	-14.778134974944905
9.37781094381189	7.95700306710782	32.62636890809803	24.048404767610645	-7.332359005991262
9.029257269079862	6.494797229486786	22.903781770764525	20.431209309263572	-2.171978499536401
3.8188637517701216	0.24378565570269473	22.5661634269806	4.248863173932087	-2.0472731964198303
-1.4812316060943762	1.2786524869853286	12.593681049618475	8.726657688196106	-4.319952383791602
1.6997186308142171	-1.8911237600611317	14.541901438833001	1.7434550263370032	7.22828396214047
4.378008454186649	5.619310222114986	11.703404975612504	15.583531474758935	-4.761486201256631
9.612653526187732	2.6413834120602133	16.013297292187037	8.376805557014302	-7.131188387847063
8.172263968312693	4.152394173993207	40.14937319108445	16.54371287054935	-13.363121291634101
10.071602125263594	10.505643676320457	29.48326472652704	19.468179238564815	-9.650730845582519
13.212534822431179	7.49192837239416	43.968268815092344	25.49835443516508	-5.691617208416034
5.034448228928042	1.118730219979108	23.023888324224295	13.225815081946145	-7.119562380559714
10.882898892661625	10.02263331089605	29.47830825880033	17.921259346919342	-9.152656320921437
4.4553489743281105	1.5033704628408655	21.4722003668587	17.83736202548416	-5.746615454127685
5.465425048303413	5.143176841741345	24.509773257286923	10.600000115448097	-8.291792873211294
10.419754730521175	4.762240684363949	40.6943796426883	22.40740209811152	-13.309644933454317
5.925127716834254	5.281000476695938	40.63937255776737	16.15581064044071	-2.2041657448390097
9.442026396170565	6.232533948318627	34.37891566825099	16.990702223798394	-5.12528418623922
13.974378909301256	5.370710969215402	58.28287494117522	31.436909960933335	-8.95179376068669
4.6058646532098	3.1653924521481653	13.211156312431743	11.638180512491584	-6.947589374616914
-1.236891922343463	3.285878026269872	6.72411368201157	19.979650906934527	-2.4894812300678772
3.890339601019085	0.17155107506963263	20.181934162631208	-1.6643838637551696	-2.89475207216384
6.839213986007755	3.1842272183887674	26.200368282766092	28.537971795823537	-3.450420007168771
3.36959006542795	-0.13473938815444875	19.933979362974142	12.589997167032429	5.078307609275896
6.484109363987884	2.876593071902505	8.575664023774216	11.826708428728018	-10.139693636880416
8.443494984158622	5.44731529885547	44.22713281957659	17.018207768967184	-11.565743595278224
1.9906157093163608	-3.748270955971442	4.169250451220602	-10.308386030633386	-0.5338260653868687
6.508941265583477	3.8655640586979025	15.438836898023865	14.926099604944952	-4.809224430053121
-3.015150460932876	-2.112535816599374	21.441694642011996	11.907174115541375	-4.229247738085856
12.324413073708648	7.365228269387833	59.125903719772786	32.89992297707006	-11.990096680015647
4.901411578906569	6.332166215843733	23.936917241614267	23.30912352760729	-2.851865569889682
14.016993951624027	10.06245209607616	56.430231576943825	25.81857561030979	-11.034459618139529
6.745977034178256	-3.2193247023258564	21.29513156223096	4.249576184634675	0.6124039036157649
4.730102047543671	-0.134174908736707	24.922065350868024	9.647909168595874	-0.08219908328886127
2.6991965807188496	3.6662007257553464	3.1233994732048167	5.07091731865613	-6.080719345610962
-0.74257462336681	4.653550605239769	8.581057141642102	19.444813594525407	-11.181356521846872
1.6856525753877776	0.6847415319478338	13.758854956975405	4.096447787884971	4.197359423730713
1.438150075559335	0.4442243976367113	0.5439900418785939	1.420232133692089	4.59915797037094
2.6720695936955012	0.8751167105054911	22.507289847246444	6.232901623733262	-5.455582050773203
12.94138945599478	7.355482795378244	50.7972419086733	24.84783806661071	-8.009137976228402
-1.6927203735657415	0.6025339459137156	-3.618061645104646	-2.4604141693428474	6.24607395310241
3.025434291893955	1.952233997335826	24.793986410231348	11.159520064911653	-13.456319737357287
-2.551508885724367	5.066812681566596	21.261686865225414	22.72858558750037	-3.1414185209854715
4.0764041169554694	4.762140484924869	28.17633377907653	21.42966213206069	-1.7673174904654
3.376092271656694	-1.66099987610805	24.266963638172804	4.3157921365920835	-6.477724298204329
5.2141994230736	1.2966585345369617	46.77568867976872	24.428793260315185	1.1134126715701171
10.70722517513537	8.359482546732366	20.65991706056208	17.87157470648461	-10.33257316524383
-0.3267487844795456	-0.6216940922270597	18.90051815488035	11.386623986033248	-6.6273968665864516
5.129713160105682	2.817196505552088	40.454703241829144	21.976824888476855	0.287976571374001
0.10030215136968934	-1.2262171508890765	18.019575806889875	14.73585117359761	-6.931881347655953
-1.2477984765488639	-1.327863553011599	19.43194951689958	11.39571783121525	0.05786885559036392
9.543782435822733	5.451038547275525	27.005142447686875	16.79212952234137	-18.915860306226076
8.692775768150877	5.631922112218019	37.80170978047004	24.572835506020695	-4.899813271839243
14.092906023814594	9.10611007931162	39.624558824396246	26.891791974605983	-3.065431161479978
-4.465371862835962	0.6630856331189898	-6.163968680563059	2.3595189359909305	10.7124598583543
4.850014938878122	6.051120620751444	32.172879418247746	16.752758898072674	-6.668341801268632
-3.637382665196064	6.567779963403985	-10.251341252743096	16.548512467189305	1.2017511026727066
2.866135298344572	1.448827453409133	21.542551860698957	11.438057134111947	-12.33981769589196
5.822766317179368	-1.109022550099045	37.28603712903237	8.39620722685083	2.3151513994059822
5.959721756914657	10.408101768111601	17.68311280808079	19.40330603617137	-7.978879714323625
-2.9469368187751925	0.7172939569511145	-11.474825269521716	-6.3929008115175225	2.6172032239308223
6.503397558046727	0.7725270434596752	23.67007521861862	0.9313791788676724	-13.13752552842356
-0.14658956996422967	2.9836916514358447	12.806411868861034	15.95162981589582	0.6808152647283183
5.232051498665123	3.2208748528967304	48.46809593881266	20.123102998552408	5.297086985922952
4.414887250978101	5.249957940864856	23.854643799466416	22.000657051254894	-1.2053404901111975
2.4655062805693033	-0.24627838303676386	23.806707442038288	5.497429108505079	-9.644334285562817
12.854027067252602	3.703923335349738	46.61129268797416	18.614954484528944	-8.88389282491493
4.259821573012617	0.45914537361330465	35.445143704027956	14.19297718627509	-6.645907844889045
7.6111744604071765	5.104387303683127	32.52948103456711	17.161700089474877	-6.4475617591251435
2.9741916124953605	1.936224723360091	14.966557778964464	3.202330408775552	-7.771072537685107
8.871932630345047	2.967804385327123	34.73272127760099	12.33958174916059	-3.755592020918815
4.188508586524282	3.7231536933626836	27.11455750241005	12.534073344670567	-11.589144593167052
13.194844973427603	7.61680134415108	37.07414673555884	21.308222937650758	6.54093516754858
11.826749758335724	5.151290777421874	29.527444752991173	7.97359193631699	-19.165802923863453
2.5812027567797617	2.509596010524577	3.9767794129202994	12.479549344767765	-11.016157213270228
1.947762188348527	7.029451333775634	29.83728168009965	35.11125513638036	2.868762555956046
12.594017242386254	7.5540137630161475	43.26982753426884	16.199925837979908	-9.866893352458263
7.002852549490636	6.517277793518928	23.12160180298207	12.41902046366745	-9.025049452240467
10.626721390920544	8.537516699236637	27.34828555311336	26.156466160898315	-14.002162085303292
16.56234489614469	10.103544321527934	38.49807462598662	21.531389395422593	-18.08584103798683
4.676815773760035	3.9536850537329626	39.85113954558115	20.414956970056103	12.155833642650862
9.995567699205692	4.468935277507342	30.957934804663807	13.531555758555683	1.3551970879871469
7.2259245113707244	6.78508661596294	18.997931977093458	19.114106863250925	-4.155728691355932
7.704660808253978	4.554329063654679	25.091790066072384	11.87134518045099	-15.878937043746209
10.207175555312421	6.107943195050785	44.678404243418136	19.58714333753951	-6.04312235108177
-9.928219053636033	1.4976513079894165	0.685858756661375	20.991266802923906	9.102315097350518
9.108765543715638	4.767304699790563	3.171236985351591	15.204930791120905	-9.500614137760516
7.208887420930921	1.9445596429128376	42.821531891847734	23.376124006990942	-11.89236850363815
6.780153331707325	4.156273969040701	38.959228139718256	21.5042811779172	-10.997462428880237
13.620140565352955	9.156547290787337	53.497520109670276	29.85967542360926	-26.66785313541274
-5.715826864455197	-1.1290308422262014	-1.8181027303722743	-3.749708669951392	4.182981051674508
2.937417064769395	-1.9794679021662294	17.15850645828876	9.731535458532893	6.879106005590495
-2.005229070321633	-1.7020861888078365	6.535933503621987	3.082187220104146	11.207267939275093
3.237164406455271	1.215892378734317	23.99343090941078	15.464135258333524	-15.994741397456934
1.4152923061076166	6.477114512553522	0.5793487504796602	18.088939945873058	-3.333565362343742
5.500083608105346	2.101491521112301	22.418250047874167	9.445838591185577	-8.737917199765608
5.5797591096276475	5.640471894044813	31.81796165460891	27.53551278840522	-17.075270449244712
1.4422219880816716	1.0483935424937623	22.34179941600759	9.644495359811582	0.7934563348054713
12.342999699069953	3.296776261072793	45.99010988302224	19.74495747634425	-21.182366574211997
1.6298483108425559	-5.316885865956337	27.24625091278362	-4.229209839289398	-17.289315418217175
14.496474102553831	6.950540035518727	51.8608033488806	18.48885442846118	-13.03435673212131
9.080411298047057	4.1120202423887875	47.757161407948914	23.45267071340809	-14.504479847447058
1.2485615130354737	1.6901316610314936	18.91746366188692	3.344234470673377	-4.499806092727702
7.942346578560888	2.602957434987534	27.320573772924426	11.903972923716303	-7.434335498658959
13.749537818101793	7.130603720372923	47.19309017107677	22.32954907827923	-17.75022167421007
8.695088334233239	2.5941619004771814	40.02129310359915	20.283505060144165	-5.938065147158536
-1.630913907117761	0.4348559170323991	26.65912731981129	20.478775024572847	-7.079400837167384
7.758959474863446	3.762108175941069	37.903233212023196	9.476844209922614	-0.34624766496101245
1.4237138711647432	6.224524285214272	9.289142099174715	7.873698162674053	-12.366608353482334
5.126288131698539	0.8365432146836524	21.692087419490143	5.833680927082355	-11.736732969264466
9.055304084360621	2.8273454322392193	37.77331518676473	16.34468379621384	-30.206669159707822
-5.466349473434047	-1.4564958130820527	-18.720968687126742	-1.1762434696609176	2.1917270015705883
1.2690812942551482	-2.631774880798889	16.9533155408784	2.8064618902160348	7.072333077118259
-2.6788493480951256	6.090693621730809	2.3332667509375753	20.813173240191713	-3.5118856852876643
0.7848241366082398	4.8367812788111575	9.603200309894653	11.559839822425886	-10.166761724064362
10.485318572294858	7.329074353734358	23.941205882583475	9.042228171521678	-12.143129050567474
8.057577632344955	11.286768805286146	30.441483878474802	30.265485195069438	-18.3919289861506
-2.3116910168073748	0.25926494495590013	-4.4441380030924975	-1.9619533198727623	-5.918672129142817
7.327728294293529	4.55824694788484	31.760704375511537	17.604390854368447	-4.577501451641462
4.3529653694505726	2.2988028601265653	22.21929091129229	11.039459040058032	-0.10954608156925905
0.5511824992840775	-1.5561900528862118	18.5313440748289	-1.3332578897790768	-12.356023133667023
8.89126183734571	6.3694809160467525	27.706325908309182	17.900347999717198	-15.860829209894716
5.922709773089682	2.5641956203769167	26.887281739940015	7.909195655477066	-5.402006433562889
-5.91987556251479	-5.207774294213069	-5.683081183535435	-14.736767148511944	-2.9463032484304312
13.700634648508952	5.362201894110013	33.237271656454354	16.084739493360008	-11.531202895597758
9.371221616427134	5.606977390364249	37.857053400606	18.741046470882843	-6.831342613907168
4.552142966242828	6.189535058781131	22.017743386200507	27.523188942582202	-0.11956328116291637
4.408703888904945	2.7361230319934515	16.99114398715558	18.42578770307633	-9.149255689008342
13.783967936660833	5.454386854267618	45.50128223552983	28.087004264332325	-16.10313490234914
9.854180562917634	8.569351958426955	17.104709810623632	0.8076984427033338	-8.892478793102969
0.8712912847276749	0.10832152072674184	12.744857555622005	10.242288516960976	2.6621160104285266
0.7029979568883125	2.236439622353293	11.11759558599114	14.126067341602031	-2.5617179259040253
4.987399849053693	3.627278866449432	10.923326504830484	2.60278333455938	-4.357744631333124
3.7593858805243134	0.32421287506930785	17.28480949196893	5.257128226583669	-7.903231062477914
-6.462730120366141	-0.28628726737092125	8.736886261524656	11.559438690697496	11.654584656906632
3.224920260346435	1.1466620539393881	13.801872749035553	3.201384884828169	-5.2389657757428525
2.6796537493935695	7.356409487967699	22.84788645721539	18.19324048367591	-0.9336750356072585
3.7529179036186306	1.5394579240494901	-3.476408931465784	-7.65432701556491	-4.066290298571296
2.4135101474188723	3.7536341276505416	9.526070829204563	18.506600072724712	-9.523202936103662
2.40144499724322	-0.2822916339194137	10.103966368461975	-0.9263904989493241	-12.282159407758904
13.402507988374563	5.124787700225925	59.82741600895162	30.43411248524365	-5.326555771860717
-0.16517904229087677	0.1637899895407653	-1.283627525418808	4.895885757401466	-9.624818244963251
-2.9355595621859045	1.638089305488077	1.0938246888418472	2.083993508373224	1.5932444992746255
1.533697020664504	7.600588661573206	18.596683395489833	35.1951334351044	-2.6304261060752196
4.127600805830572	1.6167759969539568	39.2923224842649	8.572973687289682	0.3119834191720372
12.676550099944716	7.769944798288332	49.135333246801565	34.554247684190706	-20.00925512302762
1.5917986298808424	1.3608355572779764	16.33010097676159	9.48071051829874	0.6123326696999101
-6.809846692167543	-2.946885786950469	3.8566259143704045	11.306474969137227	9.135183562889331
5.419519577939791	5.215593568526059	23.195932950750603	20.845267015346565	-4.874138571489787
1.8660140126294387	-3.3058287127388137	16.328634844520863	6.91656492408633	2.6021594620951873
8.497071891944834	0.37419881304108094	52.2890523385758	26.458798130444492	-9.49906796885201
2.8320733355607897	0.864348253094565	24.426231785748232	13.717480837105171	-8.755785970298298
4.491331372066976	2.431333072791419	19.286513882979833	10.349585369430736	9.913021917745752
3.1772278893981785	1.8418314501948592	24.374474675934017	15.643089886889001	1.5284101358077864
-2.806725884955096	4.555202230262864	9.476959323993398	20.973520878786942	-3.8211985287400836
6.453423759917314	3.4903294473972792	45.14475880839803	24.557950460230664	-7.850737927555655
11.930931153023788	5.503091949453995	39.140935564929556	18.341282284079128	-15.903939364489233
0.8893986445748627	1.6325357291703941	16.96525113098049	16.267483117586444	-8.973517995527965
10.81315211153396	6.668962623262967	39.860872903182226	24.343567698070693	-7.617134646943384
12.808377887251812	7.060406501766394	44.73963475573501	19.34099035250589	-10.840585078974797
2.8662659635869976	3.0415887743783463	26.155353761540983	12.857202063054466	-6.725765546398466
-4.049068514929574	2.261738894572357	-9.504985736375207	8.119386782775468	14.165482355528514
4.197641951347267	-0.916216589833839	27.76766671949906	1.1817093205087055	-9.29413676854007
-3.273282240809623	1.1666029920577898	-7.186089281367472	-2.6545672665479145	6.505253273788682
-4.70521532741534	-8.896238585239963	5.055486957907586	-13.32654494810987	6.392545924108305
2.361015041394525	4.918012999386595	10.562300842190977	12.961928185853552	4.125409793821824
1.1419281232612208	-0.8116490854948826	10.65365667525451	-0.34721437174652436	1.3304862708909297
2.8189790879909946	5.4705196792033695	32.61935032458444	22.403952561914917	-3.9598887770201676
9.093551985520373	3.260019309397567	38.20904810489316	16.059833712110915	-12.948902804036798
-1.8209394655271254	1.1291497143134652	-6.366450180953782	9.707145163273415	3.4326582019555643
2.3445056526236865	1.8553086262728762	36.187949102765	22.181921226093785	-8.7303032053917
8.87683405960497	5.522569027127635	37.33162392111443	15.614558440020874	-22.37543353625542
10.733386379239656	4.559109311312859	45.05298419143215	19.06203294853588	-18.676322175892828
11.347742276092513	6.9598903944091655	35.43033225895742	21.815977663286677	-19.61482726754724
3.8397264268796363	-1.4299668434122559	28.308493119399365	6.833446613456449	-1.7955253656323968
8.035279788050461	6.162699341722315	46.124522489573465	29.635696089220023	-12.52315991457181
6.849128373931904	4.812150749297991	29.70714227905991	19.369096647269036	-17.029521524051763
5.516223384567473	-0.533271193095997	30.323974267974776	5.501460379840978	-8.089385739436285
5.147658496156832	0.637873135929933	27.58695065192188	9.382866298516177	-7.287137564736355
2.5390011968954695	-1.3925863486193004	28.93131498360225	2.444657786785683	5.378229843706048
3.466860113628118	2.881174787779722	22.780954828689957	19.06054002787161	-4.104617096020352
1.3528113922898837	-3.131827332892863	28.212089685408284	4.8310880895619235	1.6576713059002586
2.630441736776177	-2.425612440111592	-5.740243059334205	-1.4771656447019872	-9.204921533944018
-4.336565887364186	-2.4707792310805434	11.020879334084677	7.889448228402056	2.7735058186182275
7.952000919107476	4.603004923068864	33.27560143576121	28.609822261160023	-8.642607160820834
-3.533050953235385	-1.3015672113579093	10.36290111769452	15.500572452844246	2.8829300928889037
-2.287402279842195	5.903473285873249	13.781205503104314	19.65352077987437	-8.65017299292369
8.531851077635636	6.935312031495492	32.39658540695449	27.826071900294615	-9.523971555128156
14.069484023860495	6.552593027719924	43.87181647081562	16.84025178721756	-11.51129706498096
1.766658475143645	0.11028177255123772	19.089457912873428	19.004517891485037	-10.895400189144526
5.3600440683815815	0.5435119657419172	39.41375030228771	18.867077624226788	-3.8185334466103775
3.4940140022934916	4.526240022256813	11.581800128622266	17.21291336286266	-6.2903443186135135
0.17366954335854867	2.9325225972557254	19.420321446565186	23.665395685997343	-7.962461254715247
9.613589181932664	8.365657365609032	22.715362866975113	14.137384558499603	-12.136968817257333
13.85701928501435	10.44410373645985	33.07724664001252	27.21066438181336	-18.800626100875355
2.3212448289501193	6.831556320170084	14.654701134216356	11.847406526009209	-4.996953837405009
6.160139336720924	4.597935030075293	12.7328559298223	9.856823687665496	-2.8506620109507423
-1.145201457720301	-2.6756386503980742	30.194196892126662	8.449193223946196	-13.936011810749914
8.122861381468319	6.669414174965098	28.764164146717576	18.722785644195238	-21.908257786674778
6.8659348661531965	5.180997790915306	27.999848367839682	9.775107908951796	-10.181995220730219
6.3693945932075735	3.901017924622227	43.70214269291158	11.000117606738016	3.8019189315649484
3.3828908786530842	4.429839905989912	25.456493692554865	24.31256048146292	-14.40076190091987
5.966784387770794	2.2311184169836444	39.61163741584989	16.58339072067146	-6.5008412984947554
2.4861484302452332	5.651607591967579	17.792377313261664	19.992124930575102	2.711462696504107
1.4396891646589545	0.5919574549999238	16.540309643680843	17.999535955912016	-2.2362122110169693
-4.511197916064713	6.481556215625057	8.994734884900211	28.074519722901194	-12.525738866513457
8.909087179050035	6.082755938461705	48.48330691378271	20.644488124071458	-4.617355119117917
11.150449672436087	6.316139025822487	43.56112372279868	23.914381757626085	-21.32379433179745
14.390072051492185	6.483006207784761	44.020430253624745	21.44430882465695	-19.953759869705664
6.725168456666847	3.106725392093903	22.301747275031232	7.259667725689468	-0.574403032220534
0.15588202494129533	3.058751162990328	12.10489269252757	14.653834859668393	3.7425259723089077
14.050382409443905	12.286679800552735	45.95161719935101	24.879908715286096	-11.470744158840624
9.308555907867364	3.12226362192075	32.32607574853383	16.891030586442625	-15.76238707675397
4.955651591008328	3.9434765614235054	38.160251407906614	24.131947993406733	3.2250641627308925
10.66926636913169	6.661463650245703	41.83572042723067	16.61000243357758	-14.171813896757198
4.031776923055724	2.763154599532397	23.25809339444809	8.524585814100345	-4.562297919314659
9.699552343588001	7.187290125753096	38.93496478123708	27.015556223051632	-11.385860114160208
-7.7974367985929	1.0246699397331245	2.953660554103223	15.296202643961117	10.798627760953188
-5.402677972895872	-3.7395317865768423	-0.9063544834634243	-4.314213717933789	5.037217986467548
8.317537325243784	4.5209422898770555	30.412583506029026	8.649467565029376	-17.545634356222678
6.921438990763605	5.286094677732881	23.51866515676937	13.591034168085312	-13.041249327927705
8.320168624547303	4.296086127012595	34.59531359877738	14.432643686370415	-16.20693058256846
5.970676248776488	1.468064167708948	23.86541654506454	1.2644827555777383	-13.429654984511355
7.997493309930489	2.3184485073585743	33.131706166045745	7.687291275988606	-4.492615795362563
-7.884357990161371	-2.6979938947455393	4.429485950655533	9.489649775607713	6.992767257631016
8.329780656492956	5.254884663659991	19.077547719680638	24.767833753702405	-4.902387938588369
-3.1024569804768083	-2.4760292385774303	18.08725176092421	3.0491295822204236	3.954550579042454
-9.049241823463017	-7.906725369697188	-16.854367871257438	-8.436737810209966	13.628637019255493
7.220758588998871	1.9789056673101717	49.96422962805561	16.906558827159838	-12.008215659937505
-0.21526330015184314	4.316241563568852	-6.896194543050555	13.244097971691229	-0.7450047945233162
10.473776973802789	5.788872439148735	26.33633963565069	18.075055942023866	-2.772993631493705
6.588936785038253	1.8158260809493285	28.510802785166874	13.098716613908609	-13.543716004170857
8.531852237744584	7.626725068485563	30.23641607083907	22.566727396404204	-12.352920252391066
4.158622916971539	-1.9691639872626556	27.809059074345736	4.665502691696528	-9.007253069182962
8.295170295133506	5.73154146733496	30.506090898785786	20.936997386361156	-6.140282309528114
10.05216477465629	5.725418842424201	34.17970322025013	11.830096514899154	-22.60315285340006
3.0007527187510625	5.307299178168208	19.56000689829662	14.19259758165623	-7.187584183391227
8.904390521742995	5.203214796758133	39.707453574312254	16.68193474156741	-12.399944980056853
8.463311576999685	6.200246439967202	44.782342116448795	30.033257692136573	-21.815538442323266
7.825608964845612	5.117327038931581	16.228527947467978	14.562370887157826	-17.573241551805854
13.310710807679591	6.252129149109643	30.11089580414633	1.1163138000870365	-9.724785493894863
0.6332985985036323	1.489840836174194	9.327319170674606	11.104809894359697	-6.743916105211689
1.350363951744559	2.7842723024718627	13.989568307618566	11.610424848929679	-5.836714511499608
5.0294435792846395	3.084856480431897	25.430410178714357	17.493170021974713	-15.493630189288947
7.352448322165252	4.495357739512353	40.61938881941311	17.768999331685897	-13.182316841600796
9.938963747563374	6.618060435056195	23.449484890763923	13.241028188528105	0.09662718171664153
8.089520833482137	5.777859863456842	33.93552586722643	27.738601635004397	-4.810717014146977
4.556566673690919	6.825171045285833	29.12350892467803	18.004228954241636	-18.99041106513315
8.565335677529996	4.872117736950633	38.647170054745594	20.031402027153444	-3.3941116405419067
6.439545744606889	1.7253323174554112	21.501903073109844	12.06848243478057	-1.374201933620185
8.794195675921198	6.245589206608032	34.68915274839659	22.77223753319068	-10.301957225542452
4.779378663846938	2.4159181877571836	20.115096331766296	-4.952938522250747	-1.2841494504613775
2.2112077115858995	0.3719330990319891	39.618881156118306	15.490797056895394	5.2098018754709825
7.2141903829657075	2.0991844875628907	24.74454823057625	22.185330756057546	-18.54511116386233
4.991838397255089	4.092427559044356	33.0180179789849	21.22795840595957	5.605620334463833
5.167566767130312	3.6388596280171948	26.32056743726296	19.019017196411525	-14.094365592263294
7.8815031335904475	4.378371853568509	23.662650716841874	12.73736816654595	-7.3301292124037865
8.51845308145996	6.098987310228445	29.56979217935475	27.879530703755094	-23.957540646931633
4.771874763673862	2.886998007335504	24.984988393828132	9.01603689067938	-6.209557342896474
7.4273469082218835	1.9570340667396438	45.601304929436594	15.475587318768115	-6.942128190929972
-0.3640348279932599	-4.0324800800968275	6.810014727826172	-14.950271321009811	-10.60162782362806
1.1681116439507222	1.8907876514817223	9.691587405426375	13.417666236912627	-15.153214834599025
5.500165059184383	4.39148176776029	33.41898542756965	17.748773324956247	-7.332775295982687
9.113400511434035	4.985569716905372	51.262100354468785	25.400549141335297	-14.559693508876475
13.543256354028767	7.931510585683428	42.41380101524213	14.667336582385062	-12.780499440704745
7.827029981517464	3.628330572258278	31.070175734829593	9.519204286042768	-9.872018184113392
5.233850526442675	1.7021093241663348	25.710578649632446	6.309872209335392	-4.092597264807355
5.97517202774552	5.5986282482487555	31.077438966763218	17.165092065089297	-7.495355418315054
7.737290462268692	4.7313339707224795	20.20572261698424	7.531360462463567	-4.081111741139999
3.1276273397024337	4.546138122715469	30.26355260258793	25.591742541059855	-3.8880616731649082
1.29413929158369	0.3240579589492234	19.205382029003697	7.7531709973131875	-4.173273850550678
1.07418500166224	1.620316890060753	22.82538681926951	12.435223119513598	-4.029451762065964
-2.803978654140794	-8.454771608736102	22.684979992679636	-5.977202751293735	6.294036522808782
3.6902122077705246	2.3373552601844816	23.39438255372377	11.758462947777343	-5.184498546971168
7.323667795449202	4.183685026997576	35.92603281179389	26.77614747829498	-1.5224913178640307
8.52645088016899	11.588949650572403	26.632446286713375	22.99649669498802	-4.377561234687931
-1.627130639434279	4.81487670743128	-7.118453462098728	16.406189052986	-0.4148152687479012
5.867185383768842	5.05182364258097	24.15574870473654	25.12973308782845	-2.356693147344526
-1.8705907812808198	-1.9942068514936437	4.166131196639681	-5.0466007407725115	-0.6301612654423678
6.779440758383936	8.056075720214782	33.84971183149607	22.637102183715903	-2.5153357870079773
6.902613708330591	-2.165725525267673	25.92648373169676	0.9316447974073938	-12.416501787951098
15.062283734292112	6.214355020827927	31.492428552426574	9.754168332330961	-21.741395204966516
1.9362810244785	1.8075235527875142	7.533569895195026	13.569160049310884	0.45155388000971186
9.108409261924672	3.1218596305679522	41.98725814481974	20.615974220916407	-22.040582400113628
8.96083897995401	-0.0682697379103745	46.49052285640518	7.024996713921013	-0.44004113089814556
14.29530051455803	4.7173737494015775	43.01101500334924	14.267904352005345	-4.905287652997625
2.9809112718842385	2.911100950500588	26.26335252345892	16.429863407858626	2.2099562623726285
3.4539898063269163	2.180043921184378	16.75108243908859	7.191527745563469	-1.9384048280429589
7.429716258785351	5.123669760952225	36.61462062725636	19.628374727590455	-13.024732648559567
2.0580782780826317	1.8821842024039812	13.662798113000036	15.388024260269102	-12.19482610999481
-1.6045525948941015	1.7380797332656872	-5.460641233184219	-7.63205295971467	7.274864310832932
7.647517741675684	8.644318336224723	23.70253110005496	16.6901391564029	-11.944197600617604
-2.725949700733169	2.5474919231920152	3.7514999551900985	11.604219619326798	0.3082207376384414
4.543890043311405	5.144039122833403	34.591380231901994	17.00641274812307	-1.5819520804819192
-1.5568645966214198	-2.072516132325168	15.13174644741148	11.43747610456537	-2.0780139671360116
-2.1943637586029743	-0.7624646164925011	16.938750557078322	12.898604059930976	20.253114087819494
2.753072946029765	6.496739203501333	35.1368165760713	26.83481483396865	-3.094482712936692
13.52709700188786	6.956315637263719	32.43645856595428	25.115008880877788	-10.031600046347258
3.2078821691575836	-2.072914956486514	32.404438318885816	6.643891422266547	-6.818335436034118
4.422563427732355	5.315025290277063	19.612035467786782	15.686601999201445	-8.513734109632786
9.430186846863606	5.423985533854697	48.622189562797374	21.849612343305928	-14.717981168129988
7.848458717056001	4.245629815376089	48.739581730298035	23.16864903277672	3.940267731866683
8.245239057429773	2.823050066519836	25.421196137884856	12.649430742215522	-14.729405551301587
3.3798108608197595	-1.575126499472443	9.315222070000658	-2.791891535366588	5.568589175350823
10.342508727929728	9.788236837509181	41.0659913987064	22.271668905577123	-11.469307417919836
5.1869496778317	1.6015145776143114	22.285175314395715	10.69915970456562	-9.488757234032
6.8714406304419615	5.030500687187114	26.348432813217997	21.333553860004066	0.3987533128048497
-2.041429120571192	-3.835855130928002	31.39215482545613	3.586960789556205	3.6278210474820654
7.036066088383574	2.0443203807920334	28.18139545346935	12.98260901521644	-20.34423950175995
11.187221691251768	2.1120165221954688	48.02250835942172	18.14235396441739	-29.436684298844046
4.3661043200899705	4.022103937983787	19.244909278009303	8.606525318017383	7.897433078135634
-1.8799805797522495	3.469780956524711	23.75755190163519	10.271373377732285	6.094758699987974
2.834918185314777	5.5071454335943635	17.11901270804084	11.530934447658872	-0.6045442053602237
4.24019091243353	-0.7343655313703881	26.71185649805799	9.835735275577955	-14.030611876434776
5.303562891413207	0.4385801639959066	24.40579114719516	-0.5192658646324837	-8.726762162257497
4.270467191411983	-1.12016374347564	29.685775461099574	6.071255457694637	-3.4017310620348464
12.455755537252418	6.7506318709870365	39.577646731568535	19.513778779520315	-17.685871403290925
8.606337612447264	2.89474234116571	22.870484817221406	10.633177657285787	-4.876836701190616
17.038496558823937	7.711248352533145	50.3776345260625	19.47948331414773	-14.549985277195056
5.902244364837413	2.9915153633911977	34.281451262460344	22.05807008947303	-6.138013658746312
3.6490669304151595	-0.2140906355727652	27.748490052415644	11.058367171045035	2.079127669697037
1.644650755662063	1.4786289343726935	27.079186868948085	24.584901332936766	4.454307198019492
3.7098246455377426	-0.19391996228649644	37.53471101566488	15.79708667313636	-12.447511317502261
12.528914589631386	7.246977192299185	44.82354476018257	18.28171465502563	-22.356211775490877
11.251096572723178	6.671406223157302	40.35908887383576	16.256319574953096	-7.164406604518376
12.577771496883932	6.75659890921374	36.687349195997655	15.359664546098251	-13.530222769023815
0.550426315009044	3.8468122193588656	21.447011490536298	18.084356715094973	5.2156290188468795
0.6923461217048071	6.283065938895053	22.47530855549689	19.110990860536667	-7.601933972899856
7.8940730225528535	1.778652546791576	30.33909384893185	2.652683024733834	-5.146711956756558
6.303430267759139	4.308169869035217	28.174692941139377	13.123483281570095	-14.39172574881367
5.96291474291321	5.042201514939077	30.383395191601124	18.140809537594112	-19.285411736833545
8.314551296784414	5.922156777812473	30.40990118513114	8.946638596928153	-12.82965652742395
-6.186347301656979	-4.130162696532675	-1.6182263473697764	0.0022990972684215905	21.170544432651027
0.4576784161028895	-0.33625396277574104	24.637100783203344	8.741058584446652	-8.691059417036254
-3.859838321696529	-3.2358720575467856	-0.5888669880873714	-5.472801252101625	3.8717040702898053
7.753488588328782	2.5963876446126033	33.49018265565765	13.937116262836643	1.5459811826611072
1.7317111685296895	0.3815731058462126	24.928167372624284	10.270276359980796	-6.458341199915162
-2.865442136020721	6.6639265058414825	3.08244680548957	21.205446088066957	-1.31941027347459
-0.45361745241956886	0.9221593702065718	22.192582569076805	12.297229019025394	-6.707594192423926
7.705498677382966	3.964432525613015	14.581308371132224	11.703987677464479	-10.666204154552258
4.106180924094836	2.9806907729829213	18.905624887713017	13.107770003934053	-5.22191049986608
5.372173128110629	1.5143086450790852	31.591669411753774	7.254582210251192	-13.235059951472593
1.3975849578987507	2.2851594848793955	14.715252126639903	17.401215052403895	-2.6237698751455234
12.573500995454612	5.866574221064048	43.84378551582863	20.208086549628327	-22.531420425361947
3.4157187815545766	-0.5301475442946092	18.773584788507286	2.3939173094459356	2.224612696633365
-2.5272061799233736	-2.463827864851076	0.7011173565266091	6.99888240990564	-1.3255012468414984
9.868583002349897	3.4091288323200866	31.497545276338442	19.930300885248535	-11.51248552062566
5.144294110767911	4.319654164332404	19.54233577829711	20.77036656972207	-12.603693122250657
-1.6240683911710754	-3.581002242012538	23.948722143050542	1.7546255684592467	-9.334803394890976
-0.911886050935772	1.3779657625904616	17.030725476233187	15.528773215209505	5.516058663237927
-2.691254849336646	-1.5494449917198725	8.733587714963175	9.86393614487941	-1.386151959380424
3.5347786822650207	-0.8564433067655113	11.921238555256558	1.026435240582984	-12.461616936978682
5.618932340024886	1.0555259867807076	16.67396922434616	1.1624174936252452	-6.238973133227051
7.578944205335555	4.2399271713746245	26.676426638567037	14.6630077589204	2.6545333669269056
-3.7205037825386746	2.9122741131032566	-18.011274776584713	0.11693348162088313	20.70803055583406
9.705860591490222	4.103172406263319	23.062309891356097	11.277763349262084	-11.848690186113457
11.107941023998501	8.134692392892788	30.19645836400657	22.39739257967552	-9.143364749081162
8.795442188422493	8.923553591833853	35.492371150299235	24.244008545219035	-18.91260402224189
2.6765548868178723	2.625891066761328	31.18293849101525	19.73805837825289	1.2917400688132332
-1.038762034914046	1.7348782002272936	7.7615695710069765	7.366867690427689	-9.50326562422872
4.755730460947726	1.069977771139798	28.04039979966896	0.11434442569410663	4.1055256185685
-6.257544991960486	2.451391576243278	8.53707628245634	11.183786136711099	-1.5790943078686972
10.149962031159419	7.8316688726469454	18.941618606922596	13.791088185351128	-12.149694872352859
1.0135391016734445	-0.3647283884191612	13.806136212048415	0.6882035399586783	-2.8102497822766033
10.323704749397848	8.478223665972255	33.3057767587747	22.741094986524672	-2.6309580984610434
7.343934669205041	5.923781604204623	35.052190261992294	23.85525069007154	-10.278324205744703
7.769900076081635	1.6876695269684765	28.211160994523738	2.942652789264379	-12.119971288372511
8.900304366302745	5.224936623815605	37.71653310505173	29.32401579857384	-6.8307385770679545
7.472542813627184	2.4100314870561648	29.959736570066397	20.341073512380355	-10.024728682712574
-1.3345491223443933	-2.612040371772779	27.753478990243753	7.378027963463435	0.2502385521836512
7.32005032092896	1.1261339724624473	35.05277776246048	13.283689209791454	-15.55048031623702
-1.381321566257361	0.5025284570840807	-6.742253750374232	4.186626551215442	9.839332738749427
8.477284255969003	9.563295679982662	38.244581879277916	31.940738643587935	4.9654222668963115
2.2791261773699123	1.7030694713687748	20.041099876860777	9.704500940924376	-4.0401107880160705
10.82889450255767	3.9415885328314513	31.406317255281326	12.576376502094085	-13.041418381755161
8.768530966639329	7.354292312320955	36.80935404138002	23.312704456701635	-11.153714512767637
5.068851359003412	5.2056089360355084	41.08997322803603	24.1522800136624	-9.937825605166488
-0.1353324249026162	8.049675580706788	0.7269617011398264	19.68797233823085	4.995618346732794
12.828543991181196	6.844606351848903	50.93242913084361	23.206853466210383	-9.131348258437502
10.161417877083842	4.6069729609984975	56.30346731461306	26.63677856149583	-11.260960535182711
5.890976423018499	1.0125328856866687	21.04341780362119	3.2497019441332995	-13.833485862726263
3.653254345821054	2.7254773206834226	13.776924690884158	9.70437823425976	-8.303362606878414
1.4297725978569567	-1.2564008251738379	21.5678471683591	7.99258499346541	3.3287144478902917
4.996853513416734	2.627911128168505	23.638552609263527	11.372066902705608	-8.55067805016855
-0.518081297118897	-1.6647253451177355	1.5844409891847206	4.90285203420828	-0.898117515494615
-0.2204462399192202	4.037054060690687	30.30405265515367	21.59916669699658	8.776882952044225
5.315673520418986	1.4650319775948137	30.811068058968146	11.137056499559492	1.222076545227167
2.289428423462949	1.3695865022067935	29.588820708467722	15.739705045241998	5.324089357492127
1.7660608416390287	2.105453798557366	17.455459123101278	13.878074759598322	-4.019965405179571
12.421073440274023	8.464383238719716	21.501481709300393	28.296191652894542	-25.42286365958688
11.702071735173032	6.733194507367822	28.4555582972001	10.061961764779277	-15.592194922934693
3.892986760215315	2.863312211034156	27.642773098708716	24.842588940467238	0.03576008764578731
0.25447187006995353	2.454295950210345	10.215265497826778	10.47660077965098	-8.509168963113432
3.7895526192559594	4.162237336204477	24.493035607045492	14.032478955104882	-5.236599697586845
11.16142196112191	3.4664779651167272	27.08499785538683	14.388571313964356	-19.516236671616358
7.588881343951018	4.432026885416892	20.85576934123382	16.55936513222518	-15.109804677263943
11.655487306900598	10.016899808869756	49.877709149265115	28.527996578529883	-7.321926880311134
1.342146560767059	0.30149614755378806	37.24665978230596	7.629134565990437	-4.931648859797781
8.094996738103251	9.007999289000004	34.762572174889684	22.330615690993678	-15.678732701470054
7.028809976036033	6.071130057015156	39.02814529792478	17.85459456280813	-5.5550675794090125
0.32945704563829104	0.7121860258243231	7.819938148037259	9.22180178808453	-0.6082998590330568
7.91029359755178	2.739515565654693	25.787547922049626	10.434330585134305	-1.039213349676646
4.329934583136528	1.31602677340579	30.263937326950753	13.77253671058746	-6.805112442145617
-2.8683647649088684	-0.02059776938363289	1.376738066320124	14.983542214760067	5.61218378106587
13.493557494772494	5.114799243754751	55.41014487647378	25.064537170176084	-14.11043937752342
1.7970078484735073	0.5059408293431886	30.9816673102466	10.971113118953648	0.15246223830122574
5.8009348799662455	3.2639366665073934	27.43790452728137	11.392790714319496	-4.625728275170442
8.27207599745055	3.614987661103031	36.65877179412683	17.437870951304113	-17.32329778001052
6.55947643144455	3.9847057699315136	26.26161365805226	2.292559673193928	2.69707236090248
19.524466138207607	8.627499596111857	56.10397711962201	24.381232478513407	-28.857640118281314
2.043375884310421	4.014331153712403	14.504104363281575	8.321791513242093	-9.836259518421716
10.32931931559143	8.496143426521623	50.533297040614585	28.175118165046683	-6.549563950247919
13.620624281520602	6.775293623230483	44.07818402106244	21.50600609737345	-11.50394229879646
12.172922728417628	9.161617501309877	33.46066084667713	14.59021948938339	-13.266521102419599
15.122390356561045	10.919415332808653	56.49978232607756	28.195137054140062	-23.05424553020393
12.127434193685172	3.828477634397452	55.31474095229896	21.553929113651478	-8.477787446317777
0.23276298274367546	0.20317610145663068	6.1178604262319105	10.088597994812517	-2.2028575433048516
0.595902012263771	6.104721189416317	0.7623727524348922	21.417024418559897	-12.227673088631931
7.826878172073139	6.686595940667931	42.39630756358066	26.038912013018873	-5.259822749393578
-3.452188810978643	0.04669896355145475	13.019477386653179	14.812634250079704	2.746800085301841
5.2924793234599985	3.710692420427315	41.93676524935299	19.680181904455246	-13.195989490932766
7.282420381619085	4.750355779037925	36.34871813487728	16.088315060378587	-0.06192291406125716
1.1059519513444442	2.2983178130543642	33.71483806006012	26.254751572736865	1.7705133285482688
5.904220157814578	5.162131538197567	26.347600762132867	18.31606966740896	-9.33950735913181
7.720536772629678	4.213992124921663	26.179644842668026	13.51518510407	-14.369778775503892
8.384394008277791	1.4359356070383278	34.14101738810929	11.372003253599543	-13.095237370062762
4.1557671707839425	-0.2699361741096893	30.583053950372438	12.263822889271264	10.32861962922916
5.21357454866392	1.761820518553154	17.895189943587734	-2.115199963882924	-10.732819293027935
12.748241834670143	9.061607908890633	32.43718194246514	18.86149925577792	-19.454819390349364
8.151105704125566	4.50332802665826	46.26104909218783	24.051786827872366	-9.63587187559684
3.7176541118201385	2.060803855695041	33.56438683558123	27.88281988952111	-7.081609407410026
7.818746183657477	8.244542958693426	9.683174478665554	15.324666076858506	-8.50168721136863
-9.929467939174486	-3.5057015980385593	5.042655329750282	4.557578738148965	4.863777330462117
11.98221089496779	9.16908752605551	33.57979633124572	24.26088535521783	-18.297380812582215
4.455537616502904	-1.0313412175741554	44.4671434661997	18.194453839646762	-11.257917111090366
4.984411527733435	0.6662459309501754	25.66106599007861	14.76913853510196	6.734697972011496
0.9722520524185718	-0.9352245559552865	12.34109359076216	-0.34777979760633215	2.2584741214291224
8.367434248635766	0.7173109707912213	24.062755525094772	17.48460723409643	-14.703326429658533
5.489580769495796	-0.18249963458848928	26.74423291507171	8.49535126222085	-12.655767463948777
11.000320173609772	6.12130970796065	37.15788969553981	12.09159339718682	-11.436815307862659
5.5933002291889835	4.271280995789705	20.22638737510904	11.48034471925194	-8.032864976375617
8.978492496811247	4.899920767476207	35.82846219356662	21.78456874908152	-8.789930280043842
7.083009751173286	7.132294048872122	63.02561878225312	43.051928476761205	8.72456565120342
11.761001389203795	10.255753464534065	26.35895042279671	28.71153949618378	-15.870778836490054
2.1469476361200366	0.5792316136044313	9.317393159217243	7.3128165310286235	2.8158503815784
2.2385882671987645	6.094657370561453	18.349208151789043	13.691248021404446	-6.586862642371855
-2.874851526598107	0.11408702751244704	-4.1084947333530835	-5.102419398129285	9.395855062403061
2.894477973473734	0.43155648449938155	26.224766236642196	4.583236785638562	0.6062368626491832
15.451951837388581	10.810943804484271	45.612291121639615	25.520478096890464	-28.734068867646474
6.127268287173758	3.2734057940877515	23.244124427730384	18.851958199142167	-0.6996984401000539
13.427194917245506	8.823074752108463	40.216689074849995	25.713202679542647	-22.147034130434246
0.5642985742732733	3.544668001417289	25.60676677528172	12.912409438627176	-9.845723088966867
3.497457268435171	1.64248317461037	13.116999117392048	3.2819613003017167	0.02865684284901704
8.403188795222084	4.046547762217989	38.9105514856971	13.219990092391068	-0.5502245503835326
12.892307036510811	3.529565821528804	39.6999900896949	13.101748621552002	-17.911603280327576
7.316231726998449	-0.3954245278455808	43.201724635794896	12.571497842594422	-12.294221195084134
1.6707207544397367	2.285506731049499	11.653208658256737	16.739933057216685	4.187278573940935
11.159603888844511	6.656782567369142	26.531351210433982	16.623123257959186	-13.272451184417617
3.093764628926296	-1.6143675867371492	14.482363440280833	4.559141086987516	0.5278575005577792
-6.32072812325347	0.046649016578042435	19.799834361331147	17.0451094846156	3.453970679796555
8.398381191169905	3.3530202308441406	41.740312299853734	28.862723131655674	-14.970707594322018
9.264767782603016	2.751375620203482	35.44132826596109	4.5200562061446945	-13.25066797870191
6.127617023619088	2.0555536134034984	29.120243743307768	12.458061407995636	-9.300172449280673
10.477273460331563	7.212595416640051	49.06806819954468	20.26662098499862	-12.552119666560278
12.785385696263827	4.636387086118194	48.913078418970855	17.594751478532366	-17.204704542801714
5.865654908779787	2.692355794150415	27.728131107320785	11.73319987492535	-10.269647424362969
1.8440862270612621	-0.4278340143481536	26.590919775560586	13.773827626486693	2.8055024562981163
8.751106794099515	1.033559007571635	39.63464166485009	10.927826563844748	9.33391028258329
6.691955613935444	3.3393202472982946	22.19176893548918	6.6876136393838355	-14.23247409677069
2.710676950963089	3.021681183471083	-1.2947502592198834	10.031078809733359	0.5338836048430551
-5.8839003271988375	-1.5254999134362741	3.461091759988392	9.681164520395285	-3.7895866866037693
13.746999418704778	7.749725242262693	38.97858438311751	21.51015435747054	-15.573776443691395
1.3748545792169722	6.0488377609485875	18.160937201123303	21.283399000883037	-8.599836597813777
1.4296472897825923	4.11480754070656	12.462247213652361	13.463188626096319	-6.322378736363039
6.982506313752312	7.254513467465539	28.90221453074927	19.172617674216376	-8.976348386672933
-1.0195572226840302	-1.0041582779359093	11.054021299165363	1.0059175269889238	16.80063370578545
5.298894232845719	2.034344802521327	25.704095555101432	13.239573783139978	-6.271254917382034
3.8908399963906106	9.617282077825376	14.61954029924004	28.078570704151865	-2.0502450370272927
8.99478399456532	7.298342787265064	16.418916243658394	14.787329203736848	-28.342163368136397
2.815682663997013	4.4907202578186505	23.702553420725074	18.898537348202822	-4.454713935036727
5.270188451347046	3.5583318298864266	24.118681404238444	13.151343429419748	-14.016602464151337
6.685596466433171	1.012612891005781	9.291651792683297	5.438344869939819	-4.9949431467554755
10.96977931777894	5.178479591138794	45.711354052503154	17.70038792689749	-18.500551094498654
0.6092644111245464	2.4964687860283306	21.01862922067997	7.458175363920656	-4.956486421115528
-1.8206697128644969	1.6180913710868658	4.674827316905443	8.27949269736284	0.6160554084977328
0.2520378453032919	6.172883114556872	5.954611096057814	13.661992982719745	2.0797900613681337
5.860947845738879	1.90072042527005	20.162915096156034	8.506593215807172	-2.644935529193425
10.396013020676126	4.0697483916282415	53.307784530432265	16.288546111912787	-23.333021024549993
0.01925668238958078	1.4428172027615793	13.996135696473926	5.953961803158624	-9.592808764597141
9.725731115257577	3.3934626676478765	32.86480038227624	5.890149979177677	-17.564766723060444
13.100045304716707	7.936786704995761	23.25251058520207	11.281295847157615	-14.671781736733756
2.8114646102518055	-0.11127308691119508	29.94124513770108	9.10338439722048	4.078132054996573
-0.1269667690598837	5.581894622000227	10.917366518337808	8.18760487234227	-8.602089194604144
7.163796320007279	4.998160092505328	26.018291805228614	18.906238021930243	-11.759285191660418
17.892384998263246	9.578401825898435	39.75998521910111	25.594483114582204	-28.262729164990212
4.602556540554524	6.024643549127313	8.544702353306628	25.747434759756505	-3.006029524237494
-1.5674321298132945	1.7603373772687556	9.960813722923298	14.0054020784777	-1.66474236345789
14.440618845388348	8.645163094288291	39.57266681561586	19.594365833835383	-16.25470866993482
7.557414770746792	5.417753801579877	33.667083954119164	14.6008106187723	-3.7876739114664284
1.6874032143921325	4.327383834659097	24.121819874083776	6.873960500948417	13.079631819013223
3.193557016788918	1.0475575600360614	2.189420792572463	2.878216009363104	1.5402158707166045
11.418321790623281	8.224838307781795	40.86640916749797	30.87649165679836	-9.400830460477025
10.88915450746891	6.577239249187112	36.22266287155688	26.196914701948018	-7.742755072707478
11.169958129382078	4.940283531708956	39.246770714157144	16.751856492022682	-8.122142847838969
4.154860074737523	5.6228886544163315	5.359388940010476	9.598390662649159	-12.350575921568979
2.332025664925281	5.8622324542337605	-1.2397277661864763	12.6543265826109	-1.1428414357098298
0.23635253179904225	-1.62189822394389	24.593831116272597	6.997255233306767	-6.647188235543433
4.951071610763514	3.3304466731874847	19.913494826025186	14.940573166519535	-14.995688478637737
4.846993586215413	4.104829939288589	21.690271359794323	12.000700534273069	-1.5935604238652425
8.73579171062267	4.4206067623827625	32.20112570600401	20.49184183549025	7.146768448860161
6.333766331968578	2.3444124634864387	23.29148242177753	13.464184931715254	-8.13468239597661
1.8595541919962244	1.1845481638043145	26.205080963382287	4.530432946657079	1.8285854377884263
5.863222183843548	7.765183347104621	12.005039961139593	12.79991600646725	-8.422480805927023
-11.322223305155758	2.0648065988544397	-21.23572849842885	12.676012262347854	4.1993651447310185
-4.648940533426616	-1.4748415528977352	4.491468163826227	11.483604062662929	-1.7248115748307846
2.5378935026577283	1.20208574505698	26.203127463951922	19.19527727656726	-9.087657234605615
10.550254460059685	5.557797987045792	59.10397177398727	22.454500616990863	-5.981412723283892
2.230539853755433	3.5289976628511246	3.0481700964815275	10.215028366370639	-4.716857840110823
11.43530659220363	9.27235059087522	38.686461109450704	17.137000620132255	-9.40990779393951
5.799451363846206	5.263991452441154	21.256211400706377	13.987630093107967	-5.881583332056396
-0.14845974597103329	1.5288065172262488	5.832193908039525	5.766955226775601	6.200650228799116
3.1786952699725433	4.153860384694751	25.35305976702169	18.41292726586648	-6.791940374746053
0.9112056456405533	1.9717298355190174	16.214521259143698	4.893001841754028	2.13619035939357
2.0629998162968857	-0.6853796803551568	21.56145840749136	13.35364595239568	3.241685538526397
-3.3389182797671166	-3.625288948947815	-8.521879131437025	-9.500290468985384	1.3903440480479432
10.623298363922673	7.278541774159833	39.95067479690093	18.715900359034514	-3.235545582420624
-4.455463159636217	1.0735579268574842	-9.302091858794018	10.350636065446881	-0.8874794204708021
6.095289687794281	8.935172041973544	27.64224969008983	18.978047699424767	-9.055512605917745
17.658692111984653	6.764608051852742	45.80927228620622	22.050999759120195	-19.45974793845687
14.164338875983955	6.693680250585098	50.490274564447816	29.755330785699854	-20.801713642039786
7.64711305935589	4.957316317723731	33.25651140230967	14.515324166262118	-4.597629062359577
8.50391085385259	7.2415050320582	20.689012622350525	21.486171703887116	-16.56039654214704
1.3579706305274755	4.692892618049837	18.134934612617037	18.198515607490354	7.9480262860274795
8.633451965391377	4.5856871235517485	35.70698934481295	12.910965569092884	4.684041720843664
9.778731965424043	8.707535162887499	28.54302676247383	14.139993071582285	-10.498149075989723
0.05454179174967244	4.955108660504439	12.189660981812949	11.523229310292699	-11.458606888010735
7.678672152541591	3.772914301252902	32.69067119764961	5.167829002864341	-15.515014294872238
11.081083907589107	5.283822726442248	38.728644505683604	21.059654336142103	-22.274557367912404
2.945596242680492	5.376134562929073	6.223020759667087	5.8113300073279675	-6.150047164227061
8.787633555830077	5.478774866900929	40.491621423708175	21.078411927266433	-14.02149061088914
4.659914024397358	4.522222268588071	12.142056996054052	13.404249613585435	-2.3249279770835116
13.81761091302955	8.087312229216677	60.843406149849045	25.935692446353002	-4.26014116671729
9.913155941015287	7.888281476361461	32.53663582646633	19.856358049157503	-0.3809524140935032
9.936578511378269	5.578652305817785	53.61113995026287	17.93223291496546	-4.768386894886181
4.190912678788827	1.0989934243831518	25.74773324228423	15.600507888769432	1.8108903929044855
15.292919618783378	7.501441289854341	51.18741041463558	29.05574753907095	-17.63717346198576
2.6402936470891665	4.889431733994792	11.6940805718171	13.296415572248197	1.5587799357890333
9.353474431794156	7.661260682525205	53.51715148468149	22.25542349137593	-18.351962464887258
6.211366260419664	1.3027696108516036	27.476167512363894	7.398209611117494	-12.763714184835454
4.607010538180636	2.8562052774777147	29.390641359469626	12.20203519869154	-2.4225814864494506
7.216791844046632	6.907488088335434	27.60735432089325	18.97163538835011	-9.849888494806311
10.195495357494455	6.542874294849352	28.024379096746912	14.959413203589214	-15.232699395785062
9.393499415283744	7.364079653729151	21.884783022472092	13.302124766751788	-19.829239007175484
1.512240538159614	4.142917972568978	21.743564009319606	20.229660458948324	1.0478087722951557
-1.9022857970516664	5.182606377421215	6.252150236798354	16.41212132961779	-4.536450307590465
10.824053594310994	4.809459297478933	33.00333168473968	16.846187543696168	-18.943349778162272
6.4120423290481225	1.8077282917491724	29.096534913361445	6.5401962231458555	-15.701212189159786
-7.4826170859268615	-1.7580655557932614	-12.50364251003603	0.3024466192990616	6.628382737609112
-4.922904232729135	-7.232954458281874	-1.9754519721960477	-12.352582208230322	5.864690282743727
3.313066381638654	5.278393275996	10.632489128143213	17.450801406713534	-16.9826990826108
-3.51840925529379	5.885368243421654	-7.907024936261793	11.16218569809731	-11.438563908145632
5.071265337197441	4.203304172125985	-0.46019232421699385	10.678775114775643	-1.2892407067559546
8.041749227603207	2.521289277564675	22.832724395379365	6.209064581649603	-7.326723900952825
4.104450346611609	-0.4658444230372787	21.529798737739227	-1.495749598243755	-9.938309157966081
3.7945072615344246	0.6319511678685341	26.463280169110647	18.45202972549954	-12.062737465640357
3.240775385605758	3.286941366980111	23.39280354345265	16.277568069152053	-14.688550388317791
8.397369462465704	5.8682908227371176	38.51779411211714	22.060327794437335	0.07402876820614024
7.692705459411261	4.525144569130559	31.29107186322271	16.97323757576439	3.8569634388158454
-2.72297882306894	-1.9589006939279554	-9.704036613594425	-8.637315120147036	2.4867969117593667
8.560306892164991	6.321285244635206	19.894503476119205	11.960499177791732	-11.323718497236223
-7.0065046551945604	0.06632635577792656	-8.841886266169066	10.046100581093317	0.7313008811442678
7.886258349528868	7.0739239605682895	26.358066006109034	27.87978149727951	-9.207212607635718
16.187633213590544	7.129039151482468	21.68580646146285	22.92297615020025	-6.980644726451814
-1.5712366364085408	-1.8107257205550518	-13.631363623574394	-2.367427825866926	0.6482469702818712
8.164518111353923	7.846023495421111	29.958411158057768	22.263851897957	-15.88771138756571
11.595644601988376	7.611762937683045	35.57629600431524	17.872838300197728	-10.871177653690019
3.355300005783615	-0.08852112250359934	18.118035196890602	16.551274234357106	-6.853977612460412
8.730102789033218	6.786366256534826	11.649795265025524	3.6091507471178836	-7.848166249819265
-5.50939034936307	-1.5236763672830516	-2.6674821823325052	8.807682689428127	0.8936522032237786
5.303359158509071	7.1847067619455665	23.62249423615272	17.015246355020633	-3.5613568774819893
10.017321343914533	8.828516020423727	14.465997350758173	11.919638658334886	-6.796204515438408
11.949868850499136	12.488547376044895	29.563973846616378	12.531627845007312	-7.057501835772939
1.728022245820763	8.634331299553908	12.124685111300707	26.89607941699997	-10.317312395363357
9.448162545420056	5.8813526219121695	51.76182788864971	24.840013153462653	1.3859083102317449
6.990579119656946	4.236269457709847	25.832837698299933	16.958401685758325	-7.865281725810597
2.422897039370813	5.032057889198571	1.8636535483553587	9.614155160145174	-14.350002165850228
11.01446878943919	6.610143975151692	54.90184203239616	18.42397634101225	-14.821340130881145
0.7927816781360857	2.630606097058079	13.751597854745775	11.253309127107638	-4.3476383432318855
5.388370464864336	8.537958690694179	7.827052265477775	22.208385920913656	-8.211755829953496
3.1864612043055995	6.2588017662085695	37.1290693704577	27.950570740787413	-4.018996484406781
2.832605846560088	4.672119885078564	12.164193619575821	17.05608453223263	-1.4305727314458743
3.641422728835452	2.217771687630936	18.69101776599777	9.783283374261682	-4.4437770937788805
1.1950834651282545	6.5916411542612865	19.44138555942594	23.543049342143078	-6.066659428149563
16.24181939101643	5.61568328245407	32.44953934521641	3.6709228039580353	-11.440750708663256
0.5720305035353963	0.5074004874664546	16.029002322748706	19.078142018102742	2.080596237944098
3.6014576960844806	1.0601682914543442	14.095297605632979	3.087027839630082	-0.08306316283234594
0.7432773774622805	-0.4852655472190266	8.17783474963053	9.226934166400653	-8.483599987018309
3.061281497068715	2.96581700755869	34.915139695716675	22.49570697427285	-2.359991559731199
7.795294048223667	5.8585149741417775	25.16553906689046	16.30878982196784	-12.168666771376873
-2.3878082165094554	2.9403944898743113	12.37853569730801	5.454670923936742	7.2716378165436675
-4.130645682895595	1.483383331147384	-43.65180233754735	3.723839044872243	2.422815630249314
7.189523523320558	7.171150489412078	23.803611755166656	23.886543797787837	-13.652358576628577
20.076512892591296	13.272203067493923	45.27965349476641	20.477178496065022	-29.319648802486256
-3.539109679168135	0.7288490896693678	-13.351864464891928	7.296975138636711	-6.581693000470922
7.550481479798654	3.1901761818453256	31.03536993212802	7.213504970772739	-7.857079219264293
-0.7456047658259575	0.2515582953165616	-1.4206138352243656	10.028977026094905	-5.049961129880306
4.1520242922081705	0.45593373293289935	9.982253591835729	11.057880444361977	0.7719350463422394
10.891435813929412	9.744091016156519	37.1072418788546	25.007482991511942	-13.31852208829066
12.741208504766874	9.135989945355556	52.08106733043017	40.0810677924534	-15.596503602506578
13.819080246658551	8.218643891965897	41.23162411212698	29.11139742241966	-13.533829437909628
8.934663228346022	4.375368209185812	15.675057043007184	4.449184809768926	-18.75856659762046
5.731976333126262	4.419219057819926	13.66940284932054	10.696969063663662	2.300104033654364
2.218807237476639	-0.2864702255610343	22.012167178388328	7.696008436154536	-6.693429916760337
6.483413289874257	5.070546454910614	46.217807825922236	26.356515816162627	-20.566107702271104
8.980138038734799	6.750072196596309	37.36346853055449	19.928371295025812	-2.2186837673739817
-6.138850131590342	4.202455205227558	-12.043927237036193	0.5660636831066075	-5.2240868958150415
3.022358075820005	3.771294377752332	20.804091095234877	16.797502246105534	4.031231226918649
8.999415937418709	5.412577365199012	41.32512709160033	13.582719515711975	-15.199276857808556
4.862457876087117	-0.33968207676221773	18.84072746228179	2.1631376999146052	0.41829116253602194
-6.705251678261138	2.241544576991469	-6.773010362807703	10.008152696962174	5.143408864641117
8.119768245929752	1.5747148996261973	40.95642807968153	16.420109478005482	-14.205223099505467
7.182880387722905	5.6149222237259995	28.26194675489487	20.03995906217718	-2.8578131635681934
8.19355987424099	5.270746220914655	31.567294788642425	16.3554629033911	-12.670136865147647
2.695023526428838	-1.0034927392561146	21.317390022344632	12.552555158173789	-16.148660290033646
1.7682518481127847	1.4528322003263057	4.493043928201473	2.766413254122824	-5.349166153533451
2.3233044721494345	6.815742643594927	9.62692281337823	17.9142711036216	-6.408330417083721
6.8383971558581536	2.858148188811871	29.505659589911005	12.720636453182232	-5.308197563849489
0.023450332468580304	-0.8470657483893216	14.259629310182241	-2.2101197157801504	7.241758705002269
9.650129492734608	6.9412092531411504	37.10938363715705	27.78415764058252	-10.642511423292621
8.218648623573987	1.988359425890498	27.1505088161812	4.6917206907265765	1.7732700955702185
13.152364078820817	9.759172703873384	40.654442376918944	22.159217693951895	-0.019234335588649287
8.390325484678396	4.926976748170776	38.26218271963972	22.15066448016426	-1.9302622699432077
6.693750971847575	5.935283419887837	17.01588288572509	10.653201397391719	-9.018589930140893
11.35801904769523	7.379090849090275	41.94806724135086	23.537673816985283	-21.80423549170808
4.5234832194805055	3.5601433362439634	17.157961479700866	9.227009972189986	-11.427169676040773
2.6805390255573407	-0.6566366681832907	8.908580373884178	3.841460034514771	6.426398738566378
7.074608030539104	8.864134674833172	31.506012739253446	23.562004712630277	-12.782991300628016
6.576465223550134	-0.09275907664746441	24.057973164992763	3.2765917364990536	-15.40156608058539
0.11408187445660323	7.9809337803902505	19.485713215137004	24.958237699077984	-7.82314771156846
12.974805176592678	6.650439998343565	29.42505499504452	17.78523156613933	-13.341336056132365
0.22621281514212122	-0.6681056121657072	6.360910471365283	0.4436536856802462	-9.768408577876968
2.0856712688345276	6.179124252051174	23.755369172563277	25.241210097528917	-7.949693206678553
6.326652046790116	2.0632637304690906	16.679472486443927	7.293130374293625	-2.6921160994456734
-0.43991568769076655	4.698883382152551	24.571610873893874	22.0508047964223	-1.782298635507822
7.2790145000203275	5.496213412522502	39.17204551087965	29.456316010635504	-21.587564982227086
4.143346202170122	1.2611228240031918	25.65916495231848	19.53158502756977	-7.220273086820626
7.418997245051086	4.63108056814793	37.96909761660141	22.73059460005945	15.472179639591758
3.613658809914682	3.185367564060391	21.38924382186471	9.680769107049436	-8.152217949369131
-6.746872816507439	4.5456601638083285	0.0973364133395691	13.253796844538961	9.991231805646352
3.860481392866024	5.641492392630946	28.800851320549715	19.48018305883617	-1.3131909996487483
-4.76019443771272	-3.3847549769653504	10.545399579586416	6.993409259065231	0.9311844759365897
0.40409276289096674	4.113118721965069	7.6251424790511635	13.753454187871633	4.12100228955569
-4.408368112360986	-9.461037478694957	12.39442545395157	3.9864504831469105	2.996731566424529
5.799414525136842	6.562354752046992	20.066876216916185	12.403571252699333	-10.527296399633686
2.0767320108363148	-1.2099041691350294	16.3180842605202	-0.6657083148812291	2.6367646454345746
7.022797600671934	3.786601290730014	22.86239410297337	13.393754192883197	-4.70903525332165
-0.8548459294089925	-0.9544237531051434	27.68954020630636	21.84653714494482	-4.007852336720376
2.9264441320998813	-3.9715905904984017	29.58738869385253	15.977875722986923	-0.3804053544291808
9.077739581523943	5.173810664433867	27.114235643022212	14.131496796959375	-7.086970956725176
5.659094367952905	7.649158949881263	43.90870671056497	36.53756813970213	-0.547139620504292
9.289192833022257	2.004907388762069	42.60007365448054	9.58318611274583	7.957036847683717
1.1264927222589916	4.758347156203698	-4.599065798068445	8.311332702939254	-2.7797580599788283
7.848469228467049	5.2788869654163335	-0.00763110232954034	4.445639547500168	-10.909693635175518
9.37563104475614	9.456787103551555	40.72336338372264	32.70082738912441	-13.382453791291358
11.37660829615712	8.935204664580976	55.61251879634682	30.356341412931542	-29.91748848323684
5.175733701877877	0.9940401300190054	10.841927837935437	-4.2552570422960905	1.5508006763253555
3.2382462751396233	2.864278893051095	7.466139496947637	7.116489604857193	5.220366260557164
5.322321288583723	6.035493969986232	33.07282667520295	25.3266799364883	-8.726869021006
7.904324623236617	4.611533445855052	30.24805751767531	13.80340132640535	-10.729927360437983
8.015976975367597	7.804883933070326	33.6453190324741	22.246468668326898	-7.4644942423866
1.7473436334925498	9.422538658855576	19.097185932082517	27.24334461060736	-12.701286922993958
6.216692953442218	6.771191876702005	35.449977066485175	26.291235127049127	-11.61463843410181
4.698225359065798	4.737229754036468	20.77640278625752	7.8002986621718975	-8.804757112307925
9.209143013639423	5.76555595381984	36.73966504152295	20.491175173901038	-13.978873839507301
5.896199920820038	-2.033134505115952	29.37102003654634	3.030770746881686	-7.161619117767039
9.791469857211721	2.758101136953771	28.218799796986126	2.133579529253254	-5.171998164967093
6.2786932666968145	4.839394600679661	31.01823297912493	20.475851321152366	-13.681839623334
2.485366647891362	3.8074908340962814	24.337696657367356	28.264527812081447	-6.221969857641934
10.926748522942116	4.574831112181896	37.290814197891194	12.225080964029779	-11.87943879125185
0.842203127051165	1.0735114341052823	17.873190270554524	16.39110861390329	-0.037238670982624456
1.5361147924748293	5.29824773438017	10.838174114649021	22.311035321104498	-5.613566158409948
5.648185354274988	6.9989664499787665	37.85339625908007	21.541905544302693	-8.29135945534525
7.675544890225236	5.434549346800445	33.83711907533626	25.716390552794564	-2.5760068215295586
10.47083700456832	5.7362954870641145	43.05547001276424	25.64972303759243	-17.34458878244915
8.138047132723408	4.549128676215529	40.39673241146882	17.30668132331288	-0.7362174264858439
10.119345030914813	3.5772385679827123	43.86585645791499	18.239674125917936	-6.732110797476103
3.4230455898918732	3.228420072147396	12.754656767868783	10.028709538847941	-13.602282957567123
10.931697751327015	7.067257311038533	38.45492278915389	20.783683507602337	-8.166888419421033
3.6904411003958835	7.153467572339655	37.48840977638163	24.178074030435695	-9.110303042869006
2.048100865075135	2.609610872947835	20.07147348797121	14.752660865524096	-6.878478577422829
1.8964891215764035	5.332321029789558	12.268721881915003	12.229845752852452	-5.1889091782154715
7.2225626936000875	3.549961041865635	17.629011117259893	12.342585358078297	-11.324339617977634
2.6492209988787048	1.2379343861745413	23.36472092169872	15.794317928840528	-5.5495634146898425
11.187609099334269	8.590573802995678	49.56468731571574	32.444292208044104	-20.576462633042155
-2.4196810770716173	-0.6694347063568582	-13.949578337537197	-5.857944048620425	0.6097326393952542
7.4227665013390665	2.423900677391409	20.152711467155974	7.022758652940961	-5.331510706421156
12.86650152150915	4.715773443608562	49.319564219179654	21.708372656870097	-17.48840133028174
2.6405494917577315	0.7426931600941611	14.510291073411896	5.889575605911496	-9.446651119400979
6.118689010496222	1.4903212261668166	27.6272551522695	12.968229068608649	-26.73245949884071
9.633738824870859	5.384769377140525	26.450524157427306	10.407317568541277	-7.565136972999216
4.048464107472961	5.503484465753974	26.989202407454435	17.295401127111955	-3.2538281935715467
6.116853323223443	3.498240054703258	28.85448681509493	8.648886416443354	-0.02648367615547187
6.0104127638209786	7.461356443814822	21.517451730203945	26.39985667475458	-0.5127701985735911
10.545351635484456	6.196170424822963	41.138676056633344	17.440179795149394	-16.391871709815067
-2.149847510808871	-0.14449880887225408	11.74814974888703	4.7802143070733365	-14.208503757319924
11.08456359718567	8.331332434278103	40.83517454368423	13.170519238808637	-13.255838320779361
7.182376517672989	4.695681712664125	11.954117019311951	8.572386937982671	3.7660056830974877
10.494867046650981	4.518690068323811	41.57089947387	20.109141903928663	-11.758611488921616
6.934857871849305	2.623111917444881	42.489844084555806	10.652574211079362	-13.241329567314207
7.346616143370756	3.5032235304757604	20.55223258923755	12.521361849412425	-10.1000961518583
6.9627133100677465	5.130150531434863	34.130980513233936	28.059755330770134	-20.844213793591578
4.709866443575292	2.46239232960925	31.71813358188754	20.71782552048076	-4.476623571274889
2.5527458658345354	2.9874548168233095	35.53259779970026	25.11200183184155	-4.12422289218534
2.6951186612257505	2.601537761935884	46.4059484368341	23.91770877860271	-9.36532697507278
3.4731978267215915	1.2053583651300048	28.425512289832803	16.334383268642416	-6.372968672484919
4.312072975891914	0.5043228090118446	32.47621574493809	7.421138536726848	-16.025591720446858
1.4560342666670487	7.374095427428557	11.771826563050887	21.61006264063802	-5.715318682509796
11.610623293526697	9.785297261454975	28.067759893606933	26.518023905385107	-5.676757848627572
5.584789618754312	6.779771974757849	25.627918066617084	19.987878456069037	-1.522214393319513
-2.6695500844674207	-0.9641931203881984	16.341398880135507	6.328957505235763	9.376419059079115
4.874163083936562	1.8469172951054658	29.291071175272144	9.427361961315786	-10.775242498506564
9.716658384261851	6.202394042900256	20.149473109861333	13.564125687927877	-11.172859192951286
-3.4557958320476816	-2.2379919636661025	23.2911416863586	10.191346639336587	-12.203847471966057
11.552116348846173	5.322564112150721	43.96117661528502	14.50723644385834	-4.699202840200492
-1.5405852899141068	3.9512260992237893	24.439535053428877	29.01873300811161	12.890896877653496
10.156363992584561	8.781514371443796	42.329243135989636	28.949599217792755	-10.459499681214236
11.129614257417513	8.863945095671633	43.039269685619985	30.21987940696347	2.3009882492654157
8.138267617787681	0.5477007353986512	37.71221809885831	12.35818455458919	-9.762500367169611
-0.10005008962228068	2.7477184610658307	25.936014826565845	16.13570992643583	3.5036345288160806
8.234640153604616	5.020006617373536	27.17188217014582	15.367928206119002	-13.263631734331867
6.877399353555763	0.4930635854594847	21.81804089988111	14.708472639754579	-9.95531504589885
1.6755251186150275	1.6412109184784889	25.155592394185426	10.673619288796893	-4.045797957297092
4.895033084736902	2.9600161092756068	13.220543248705752	21.058540752903852	2.5964554962534923
1.6487469230181055	5.100243422391449	5.245733617799914	14.792645849784968	-16.969061286652313
15.882786474772693	8.764693569031973	19.15529401942007	-0.9190843111021465	-5.839430853467455
1.54795682358347	5.090201360934535	10.75770742589932	13.387453471183235	-9.221386503859275
6.757230039069503	2.061855607282184	30.014541014818004	18.486194206632465	-8.872801725440258
5.701319492116929	-1.988255380066174	8.319288041737641	-0.4751242022354063	4.487364431265165
0.7976594004994606	-0.06960459481567938	27.23784123517857	7.665069549165196	4.4471087975891805
6.178857382393392	2.974796832434194	26.028400986399767	2.1612757578696957	3.4806054468718113
4.951505271359656	5.4051021908558985	27.723147649634058	20.393108878402145	-3.964349220710453
7.029886200482153	4.255847999038862	-4.332158786107925	7.705781596318129	-5.7752894862740725
9.9386184111671	2.3979540864880917	24.524234369281302	1.9080617410788676	-9.03816677815686
6.538765344210226	3.4469208407056016	15.703191324162304	20.190706328534972	-9.682744371676506
7.827105662692711	7.608493453878772	42.80288284040971	32.67177686309003	-10.47901187005311
1.0213262719630123	1.1578826723844897	11.633824214207568	17.63600764938208	4.938336009962661
10.831549128603717	7.725744496263452	49.65153574428645	27.828146479444385	-20.15070466500387
2.8705931398079905	0.27235274990134073	15.209883351900949	3.7011904806507006	-17.980479335967164
-1.6173991456266297	3.760749550731142	-4.27354410447826	15.626827255160691	5.8761271854854655
-1.88266190631502	-2.022237977846382	16.784174968053463	11.176027629682206	13.818446060042838
-3.133477480701334	-2.8043787745246718	-0.6684914163292817	-5.051052449418762	6.876179231288642
9.371793596218346	7.029173821146608	22.879526012041598	16.187839262584944	-18.88941881950311
5.615313104497939	2.103364759512929	31.54685610698165	14.818170007715235	-10.355908390500652
7.607357070499411	8.652602635159726	23.122915467414145	21.288118906288425	-10.955396991067847
8.97665666324505	7.218340559302774	36.063534448228644	17.022784774712648	-12.28773341448521
9.349944419959273	2.3967358417497753	38.87965011399072	11.850015380246965	-6.383321456478093
10.50562617916674	4.873745698572245	47.09367337970058	24.334873976629794	-18.882410402928464
7.726413620635449	4.935326419237701	38.108639213904326	15.811675218090858	-2.3710084508124254
-2.0299594051535927	-0.6772338503490616	3.5002327108815052	-4.056776429907302	6.801332166385286
7.94240363954623	6.028630663193978	37.685563823539624	21.233292308577393	-1.2601709269604235
6.539486120372245	1.1590802976898065	28.91972862523851	7.29218928528887	-5.12661033385433
1.690101004447289	1.2003863907788297	18.89194092695118	9.882659163141923	1.8928064439421988
7.570909955031421	3.9782230111758103	43.83187350028393	25.638313624601935	-27.674978114057073
9.081874106783648	2.2132932657697637	46.083334356414184	15.974052089143964	-12.730530072712181
5.598096489425387	6.374522556419913	17.015010428088104	27.22541518146126	-5.953710244489803
0.9873310729005935	4.698967582416757	20.774004853977395	28.852437051244703	-1.5867380389049153
-1.1846576419037689	-0.7075059469065827	15.056082340171063	14.547967465226407	-2.826937935102908
10.457259450479176	7.680227389008502	20.871285698484996	31.446571529290154	-14.488214012494666
12.19691977419495	6.70417190811891	46.25540998137279	21.0711289376614	-17.445275081254564
6.6353403800294775	1.6676084970307403	45.44046895401042	14.894444165902447	-8.668926706521411
-2.0103610140343013	5.11838441319207	-10.144616057180912	10.108993142488202	-6.688824756715775
6.2743661685324135	3.2893048342612587	19.20165643961036	5.530183336058187	-9.421895259594189
9.592673591884926	7.296150333987812	35.149914242642154	19.496351840799107	-10.976436159572009
2.632459898871059	8.09624326563126	10.779194818800221	25.227437893870377	-9.882948851151536
6.101337212024175	5.478319999204301	27.027571998433203	11.846293572673478	-19.472135542425843
1.5872791760001803	-0.2855170545822867	31.330152008041402	16.632635667332835	-25.277350817313273
8.95326998268267	8.56499508857202	31.407513868232744	23.232509884789323	-10.778868056094021
0.8604018481484772	2.3657631043376464	17.825956023609933	14.987650957630622	-8.100699675672757
17.249657725935485	7.079466178512659	59.52465471472196	27.96280629688648	-26.004132518937446
4.138702215726754	6.347973115733126	30.94592648666397	28.49255691927588	-6.557682947794268
4.357165162009585	3.24009061415629	35.061632990832884	18.304428303837526	2.816052758661103
7.412172395704612	2.571362852357625	38.94731018621085	9.003486203856955	-8.409194972911536
2.0671035415819743	6.347471706411504	5.701029395391824	16.21249751542352	-1.8646531003982145
9.689271491259726	4.9278099751987625	33.107867946175425	22.634457067256363	-11.634484862987144
10.128478260679703	6.068105165992615	32.09019956336664	20.217368105521217	-13.386570613483379
-4.085545262974497	-2.9705008484462985	3.8119151161157063	1.0830109112910522	-8.290909916636007
8.981891995484961	4.142460553842612	28.923169597149098	9.513638124417973	-11.029835100173722
4.12805353315483	4.946353454741523	23.53900002438189	17.250714697239793	-11.901856998686974
5.381719061932429	0.21176675124110333	31.427906668665056	2.6925127048887187	5.246824509824679
6.056929346075421	4.268970554960498	20.358078961943768	17.64015406380978	-16.855079820063448
2.864033006043927	4.864544666495324	14.407010433252708	13.477363036412406	1.8416438304581426
5.153688688290509	4.986774218955574	25.345821486580498	20.850479564246093	-6.555575651823725
8.05368965273708	1.9487012326542654	46.28042809421465	26.59061855396315	-3.709084818570732
2.9902129965062496	-2.4005764838147914	15.425959680528202	-3.636814732162179	10.898972897879599
3.520498767384005	2.3734613384490073	10.132427177349829	9.886890752761005	10.379482199005999
4.280425009238078	4.535530165510706	42.225283090388416	19.349829054465687	-0.3262268479683108
7.5520390108838535	2.6244294658950857	29.97520996703293	13.461080969076958	-10.689878708933701
3.3009584920387	-0.6300375901607251	26.38483943968386	7.481734417994662	8.427147284910262
7.20019598476804	4.488889798314376	24.793855758237953	13.503620366646576	0.03492012427018665
-2.0337430808459747	1.4388219853071735	-0.8143928709267207	4.491145500131523	-1.497057917742005
6.903012167484939	5.905564111994519	36.88105725468913	17.39626544517965	-17.970330617235597
11.162693772953816	5.824271761928882	23.51928988425462	15.131298811103939	-4.101962000625896
2.205792993546743	3.740902276758284	3.853107712438324	12.429654191725646	-3.2188828516493193
7.837854022285171	11.356116898672555	35.33558989762821	32.479574747102845	-15.561681183592913
6.178981631119953	5.786333413819911	9.747579361443087	6.720596126250037	-11.68571134220365
7.109072745808934	6.945659093515392	36.41748898848641	27.953310807878267	-10.991911914248995
-6.241235469795116	-3.550753971722391	13.61066881913932	19.510896181545995	6.638371762647186
3.473110167542867	4.978358507185518	22.229086564753146	20.349356659761362	-10.754717425545632
6.479293759029829	1.2502826539920844	26.410651501289088	5.235511512378565	-14.680217517008568
-0.6866022065335695	1.6501491336139846	-1.3843808878124833	7.866767932200293	-3.592022576264224
1.784876602999378	-1.0335062432921522	35.086771221723716	17.89587859585815	-7.223133691821317
-0.41477825278456804	-2.605783251141193	17.967420953228014	1.6321488520914116	-1.0613754139304066
10.63738914843303	8.347930838103949	33.74536513302773	26.358698361496643	-16.03254017889656
-1.3794168888650176	-0.628204095034997	16.77022225106972	9.32950044143162	-3.951466840603679
10.102311120498083	9.343723555651987	21.447776247536012	15.314094255075451	-11.321187352621259
10.946650556384554	8.04575867889142	43.076781535294096	26.46502709697073	-16.257701364398866
7.913053041966643	4.876564828468922	19.07317937077859	-2.960247179605066	-7.3808337470291265
7.188983115137313	6.8411412458857095	18.160008827542434	21.425313050547683	-0.9307161058194566
2.317633009828601	0.6582050114746156	13.15388190861253	5.925980623459497	-4.058184874620011
6.658666832060341	6.822155713598773	25.82297919499552	21.152640289917965	-16.507261996745175
-3.7452321950231577	-1.4781042345273034	3.584766216089715	7.0364967588166945	3.3828165210866175
10.11049596717212	8.646119400735808	20.276766777629902	16.527085834910338	-15.719498787074034
13.760873851274392	8.374176837954646	46.80039508705502	16.60582036182481	-8.21667461263482
3.2340781524772444	5.07310495265391	17.243400449296892	18.93000266992913	2.0084687681572504
4.517610409964795	-0.35492044739276274	28.337549613267047	14.238123915485325	-9.325390709304584
2.8389896740078298	0.1736117244241142	21.55158522890843	13.58248805174795	-2.3627312109598577
3.394856149476416	4.000049495763577	24.60934662611107	24.266944429886443	-10.809408075864674
2.238732423763654	0.7518614518506403	11.92851721067457	9.483455603398923	-4.254523370262249
-1.4075650732464275	1.0380147638532655	-8.605162967360897	-2.65898600310188	7.818902775463201
10.121879010673226	2.4783871063670597	9.007481830455284	-3.3159096989308665	-1.882154730029761
0.24120697735198604	-0.8826892476456387	25.248578350836397	11.052925951204678	1.4351916193551304
-0.8248726453049802	-1.637705801267118	16.63588534854823	8.824522751474984	-13.843418555217628
4.653135689793991	3.5828081837423547	12.497311124739998	15.413935042093225	-17.38851068545303
3.2954101228285078	0.3303039492189592	22.614826671341802	19.62867796369565	-13.389692033247549
14.505536547727004	7.411182652525302	50.5479511816788	29.9879213833264	-13.271752671171946
0.7220784100074678	2.1281645435394445	15.997677974545736	11.050200951419587	3.901957552629721
6.757113340649623	7.477526641108951	23.305661202795555	24.842465135301566	-3.7817352883244126
8.263438882514158	4.196017312979067	37.64557212331488	20.36509278171088	-6.422726611045956
-5.297098304591391	-1.7614655900001868	1.655844668815476	4.002651606038768	-11.729703405564242
-4.298156198942063	-4.568906972810023	-1.0647543094580598	-3.9673634331551764	-12.583456088331715
5.442500691607246	3.730199721062041	16.570230806257243	8.58053889152518	-10.457021827415717
7.548513443821857	2.046293812410993	44.65655891661143	23.491941136340703	2.066808067960512
6.611495742176189	8.309370694761707	10.40581643909298	13.693868975744625	-1.1435004409596985
20.109518496240774	9.990007400848958	31.612111483772196	22.167075876461872	-21.50101534966098
8.107159943750203	5.585568917346703	32.25413355186378	21.02347799745769	-10.048279174003817
6.5440783851718	5.632940890549502	35.58730882078597	20.188530246566422	-5.109753550190748
12.355213832943974	5.831448435328044	39.21218460213686	11.749143321685708	-20.350631249306247
0.10581659545430888	1.925859968232865	16.4148169787188	16.445779461887877	-1.2079321436823243
-4.470052860646561	-3.121646570138939	-7.67716857771876	-3.626382958011714	10.299522113774916
4.650678667724751	1.112230707837493	46.458801007134106	22.097438970324443	-10.949565099457702
-6.631925869506856	-0.4248671770940078	-1.6000708057026394	8.264305322754641	1.2244133986569672
4.885374549613255	3.4855110259795854	12.115765110515454	10.029284959830207	-15.582251967105721
10.336426773475633	6.176626537830508	44.80934512182327	30.77114882741487	-18.375188373335185
-0.6773575772496336	-1.0637871733051742	20.15754968266826	10.545166386081064	-8.43970454400776
11.140118313811172	2.9381016019632096	39.56962629682644	10.954329518771658	-7.605142793154492
16.302042755648984	7.79534044421615	47.6048913222197	16.558882355355777	-17.13094003520995
8.344972007583182	5.7835508659003985	20.23595945406032	20.78284514789739	-10.988836981522848
8.013390437237723	8.911782809105764	28.473669465722452	17.529217699776275	-8.968971187831226
4.7761258225666054	-0.36251447070454146	30.469934077806016	8.398927415793443	-12.698923480968006
12.958182172935937	6.831157606877814	43.93505194416488	24.89417056862692	-9.885619192112083
6.273556967492972	5.453985041368197	13.528792185933433	4.969796242137122	-9.944116259955694
7.057899785757353	8.327899023194615	17.03883234606831	14.519848492000406	1.2538748535413826
-1.5274749397159813	-2.0990588372731995	6.114822267524353	-4.451344859681804	-4.278434012418664
9.564940043803501	7.3066904336444605	31.73091898285935	23.203842920003893	-11.32775538297004
16.047027629516343	6.854500678315654	34.41638868744297	16.136979945080718	-17.416310499400446
12.477431006517815	4.875078204351288	40.793059001195815	19.97516193494461	-13.827232510906256
3.023288031147625	4.397623545567702	25.60440023746429	23.209156494574778	-2.1147350932603324
4.849762843052441	6.684375651373697	28.946009790876353	18.985985425003825	-22.004521376929738
7.145177328981546	3.8374681289543995	29.898859988301034	18.245858350882216	-0.12768048475051685
4.937209020256876	1.614102250049136	27.509740601937388	3.965869942661641	0.624341227337851
1.6473392727428302	-2.5145454972722536	11.258037685319568	4.3981771776168515	0.058360142174034735
-3.158978912135545	3.5970713108072525	0.986233828076962	11.24039796654096	1.3535746007525802
9.516009385766242	8.046943961554327	48.47924026841734	28.071231369501284	-8.984476030639343
8.311393539008321	4.8696661215190336	28.233210730739422	14.154163456511306	0.11574433931743044
3.2879946458145834	0.2983417384009819	32.02387950527138	7.942509656696592	-7.25557949910614
-5.48089901207919	-0.37760036795333884	-1.2927560695860763	4.440831311815733	-10.724355199204265
-5.9138016829423785	0.8419228886967529	0.1978642956241572	8.386583508922921	14.536939598427521
8.964818220119493	4.62651302800355	26.94150269335918	11.631858462619054	-9.17248863706388
9.883493285554493	9.085654193182627	25.599431121240933	25.26868090198856	-9.235153802192809
-2.8729775052600353	4.036722893761739	-8.603809515833973	2.061444261455158	-15.759078866022428
-0.9443004917674794	3.513747867518206	-8.608775394328035	-4.9241756645329104	-4.578495633098509
5.100645416292953	3.547183093435116	13.526175280746017	5.320350847162615	-12.004097607877549
5.538810128682579	6.85965573992676	27.25543582749104	33.70729092546584	-18.998173032925063
-3.3887700749943894	2.305426401395284	-8.041660561543104	6.958733709826838	-2.2231467222894743
7.058225251252489	1.1341243950252586	15.687166984469343	-0.2520427674172794	-3.941370928860735
5.164488421541149	4.072797922857941	34.29126122996255	5.130763967711282	5.673357323132897
-4.80126828362431	-4.4177443193167285	7.051593581822374	4.889740572610485	3.0230570790050173
4.080139264170306	6.0112203997444	41.33795816225025	29.903822545112348	-6.088883286459129
2.3812704341028788	0.850243037019359	17.291330654692075	4.603463958115668	-4.025658977357196
-0.061662318759007295	-2.9038488044225677	-10.5929982348391	-13.07146114938142	0.2445627824748815
6.242598373835175	0.2537160235670397	37.36976771060425	11.065528274094975	-18.18341001685248
11.008473088247566	11.373136623485037	40.37195608483714	34.1519847947074	-26.208779213122583
2.833451216204608	5.852939872342488	27.080388192443223	24.2232995145827	7.209258148729447
10.017157517502334	5.043009335862088	22.918923771476727	9.296719888110282	4.270645744674548
8.292117800768246	2.3479661852722664	45.53132908518275	18.418846557058394	-18.622249651840754
8.843297059450421	9.5658942403857	34.533380979487355	22.29741089691806	-8.18510821023243
10.662628480861663	5.6948856979947875	21.406051638121717	7.730085507863485	-13.183647051166103
10.516839440003828	3.502736169008242	47.417124656194325	21.27013107788327	-12.588471627261612
8.728526356975431	-2.9126557224039384	31.488709898028155	3.962550343702322	-13.2826761349619
8.184283277940409	1.7173211797777974	30.054670839192806	12.199028056841481	-14.595977327207844
11.888663981419242	4.312321997413214	41.89551742496735	14.587153816706547	-3.1147220349982625
-1.4184851798626665	-0.8744334718886329	9.189062837977694	15.90601569509071	-6.605078450700202
9.503053826202608	9.50473427065815	42.77409488021697	36.724622495085214	-12.647834356579246
0.07236239901955943	-0.8646177581488308	13.029823070227405	14.113808121955472	-1.6653934308389664
10.118231241492294	6.362537003604112	35.758619569471186	21.516211944071983	-18.938165527102953
1.8299941537925033	-2.06375435135866	-7.372537738259922	-5.597255637316444	-9.207601480734288
-3.497316633664152	1.331802197083056	5.740638672120873	7.301088518268992	4.741362822759582
5.935178866806268	4.404848227845834	23.4076696349654	14.835401459173688	-12.008493269377972
6.12760165733318	0.8133888494838968	8.121120147400148	1.0191984506451846	-14.384508666847436
-1.7154503387778617	4.237576785424161	8.410045641415728	13.678520425550634	-6.086894737884755
9.390548274499046	7.460169990020159	37.58177739304281	18.181236158923955	-5.046096291660643
12.715766635415449	5.526868067459457	55.54184010239142	30.526045491189585	-14.45850422469875
8.791120434990525	4.056929406160929	27.959411930234893	9.812579486672234	-11.809001713809225
11.68978188488915	5.993640414767794	46.195387353897054	19.545909755261793	-6.867599269336285
8.192784969243304	6.988995934356628	22.41379167933266	18.2746852871694	0.5459699115621284
5.524589680370038	3.898170036165824	47.236191309550144	22.39057439813844	2.3789981227669266
-4.920843979638279	1.7367593413995932	-5.887153532699536	8.100207173783645	1.8079447478994943
8.08826226873993	2.97414117433402	31.29632669743654	20.298495914193843	-17.760295729339113
13.480382326447106	6.946080074290491	44.354663690037555	17.990746259174347	-24.34000860827017
3.433742330052805	0.8796235635929097	13.489863574897427	3.290556756343917	2.5570290822385076
4.29431724208653	-0.3512598255167978	32.36991973906723	11.007399621776464	-0.7595969825229503
0.5048287371170974	-0.28507163147446457	33.51733745280113	9.163193992888015	-2.3805591316739765
13.876850142818613	11.090898850263141	47.5562867607538	32.44241454997037	-10.74996516196149
13.926844572219668	10.12280841486075	29.582220694886367	23.94073961419786	-18.902126314820578
7.35543032146862	5.909395957887238	22.748420164196922	21.641219936447513	-7.964231039109091
7.247840385801291	3.7078324675430343	35.69564920011451	19.066824102915678	-22.684787017952956
6.591389993421345	2.5732973427718986	24.421720748023038	1.8467602267596241	-10.478259159585697
13.476606972917807	7.844520280157518	52.792883496377485	20.67927289806089	-5.164128038094336
4.988198225293768	0.21204454204650247	24.33155391964712	13.679029308768648	-5.463951972129699
6.263597941638734	6.733154499749876	27.307242269291038	27.32207268646978	-21.48446206199699
7.685618899535548	1.6164297893040267	32.01692495423245	20.201020922116633	-9.632389978217446
13.730004107722346	8.160811788206411	61.37528902937445	25.143209370469325	-17.908094001054174
8.529153579793265	6.8995228524642265	32.10682091747015	22.05383868630045	-17.38851620384893
4.555949183840681	4.067404657799793	14.827386308510341	3.710827944898547	-11.782031043341004
5.175497324134213	-0.13414501696439007	20.153430730078938	4.775023624622399	1.7763899485302517
1.3522295333982246	8.324387219758918	14.807108714440034	27.46014752631692	-3.064452848664457
-4.07913790797169	0.9887951742696952	10.259822621748413	14.519069011896061	-3.7607587811527097
10.083706411786048	4.104932059934343	35.345383099183096	6.805116187893475	-9.614701447925466
9.05029722197178	2.3681797955586013	34.523373238224664	16.738536211031644	-6.262995371075277
5.820447992685378	7.928953670220267	19.962800718484274	19.749115053487863	-9.559420471393667
4.511696954491526	0.8794139137055268	25.47048732629851	6.073901890460938	-10.802977924350113
3.519856991779525	3.4173656878708583	24.532105183705234	23.55151546794491	-0.9061139598773362
4.2737594191542305	4.718317445599163	23.559469424462556	17.899137811985995	3.762401263021804
3.153718291320466	1.9517888621997264	37.55945410479274	22.050577309260483	-8.016628773393318
7.404317326979156	0.47186033938962346	12.228923858813701	-7.322282656934377	-11.396574905203124
2.0914558710541495	2.548828529484208	20.64118090722775	12.624426101425946	4.759525488104057
-2.57862785573861	-0.22072650195008903	17.437325157855952	16.31995134151102	4.894586258250076
2.4034002335850078	-0.9741058377341064	25.725149312100953	2.016649429355354	3.156701697072215
1.0213340697652313	1.3015800105694666	15.887256197875317	20.333172629724835	-13.244604837720335
9.392553396195032	4.21760348370284	30.380614601064416	23.446325727190278	-5.826773801350974
11.304525247564555	6.0276438704510635	45.645886340356995	31.955199167955676	-19.27194358894246
13.980115552616063	7.9174906441541175	47.959495170062	24.86679373210866	-15.43594279992244
9.279390940050746	5.714701426790806	46.04989543410185	20.91220909213545	-17.336220331959318
-1.7746669294085293	7.885565229667362	3.3455217077600663	24.38152137629931	-1.0138962976818249
0.419851913439957	1.428714640626008	7.934615073347732	12.977650734889414	6.681353814813953
-1.0247604550616236	-1.891838664210499	7.92058950621913	4.871924660768279	2.368863869193909
6.495692416431039	8.645047182564634	24.303657296174947	27.951573031125758	-5.223923346188705
8.940595905070587	5.0122277718218395	31.27493819271104	18.50396770998213	-15.262185160074125
7.102276825107986	5.097825549593324	15.747583801226064	16.96206520890252	-16.892058576218055
9.620230143170602	7.787318440677961	26.38529574699697	25.430797281743956	-3.333420096516651
-1.5180487806326697	3.9354956241651373	2.5741409608429997	14.555115030828258	6.759154865331929
8.906475808181698	1.9424840999967934	36.415384990723645	11.14269977115507	-17.85856950743416
4.9698126443758905	3.186174134449944	31.54124721393616	13.663008774867386	-3.374819455017803
0.22909486259245604	-3.0676693658273324	23.729676284461547	0.30687332063104833	3.396004847530932
10.777301049476863	5.848900824263999	50.68010299440551	13.949023069163445	-19.496834305064276
7.028418051755807	9.933384380497625	27.337442495361145	21.998834863131577	1.0280501140892113
6.7079686240983465	1.870889379723831	17.742775898567913	12.260999011272535	-11.748888611461265
1.3831610072663594	-0.23511038966156406	18.272620342366345	8.064590589668448	-5.737097088289863
-2.914450194972197	-0.34483893714552494	10.055533360936295	16.08446848642786	3.9677904692092696
6.822032154355057	1.814391500600462	28.994869555419115	14.264257045946628	-11.272483328348619
5.756878650526289	4.787547468796063	35.199608581895944	23.39342124220886	-0.19056722009954186
