-2.118934663878257
9.348177146055242
-1.003746300376384
-8.103590815854378
4.833118020168026
5.576464557654355
-0.1575393461536672
10.0119329222667
-3.256790358639902
7.220582694896267
-8.738467342679163
-2.759775759065105
3.768794493542029
5.223646121437461
-3.157970575218632
-3.097855221247319
9.424359764551422
20.17390582320987
-7.379098936481358
-5.01900325203405
3.136252325533492
-3.140692845635539
3.142431271001912
-1.864011211618539
3.239541750897909
-2.85362640656474
7.885763950424697
-8.462810157948327
3.608485337291991
-7.435978678622662
3.013558400326969
-4.243716765849384
-9.242466596731756
-1.763748581251844
2.711841306911833
-9.437789973225037
-3.144392263663838
-3.120985397832145
-2.299211969829056
3.344278389729094
1.259260188793855
2.463398501086436
2.801682720699879
-9.371582068344207
-6.172557249131959
-6.939636442136412
9.433808536893965
15.48365402084044
15.19943666163161
-0.01616236071838221
2.107394607172403
-1.686362639282497
7.324875927376568
-1.995156271316373
0.6130032597119833
-6.8310324627306
-15.70461862785565
4.88407871754176
0.3651078903348606
-7.312301938599965
2.826773588182844
3.138143557979731
3.51403238804019
3.121475919472849
0.2814100320156163
0.6435093948755917
-7.159935699943237
4.009599029835002
-2.680622506101063
2.709453277236427
3.068248317476821
2.270311079523017
-0.242252818755034
-3.270371452493562
-3.1416649699845
-8.304250824554277
2.594468474599
-3.414466998184365
-4.66660834968343
-0.578161168081367
9.317871870653555
6.065123084100192
0.158730694740295
-4.948534090404607
-3.406149142555406
3.148896869780814
-7.019200901261875
-9.327072036787243
-2.955295817642217
9.42477796077055
2.92052733972978
-1.747715535498036
3.844417439871222
-3.886183025888093
14.22719486608311
15.70399274658198
3.275971189214711
2.343013699145987
2.916959523891337
-0.8089805730460131
-11.07267777804478
9.621511278800831
-3.059898393504684
-0.3059388051633015
-1.359086388642543
-3.172372479079284
-4.225026591212479
-3.676814940740898
-1.542132680529988
0.2593876357278349
-9.436100605265681
2.596718040791845
5.429386219516788
3.134042188247155
0.9760412734801334
-8.136394040222367
-6.263588240880003
-4.208732231705528
-4.682801627818438
-4.322653794164033
-9.522475885159531
3.431873533303933
3.300259636492232
4.165814668981438
7.423970951747984
14.26691383364457
-3.140924452843634
-4.941318826946216
-1.714290144299377
-3.507203107441186
3.134005136438756
-0.1266426430425331
-1.003943173458109
-9.245328873561611
-0.6910076831196523
-1.47606864757728
15.04905352566462
3.124402332792396
-2.910947788098111
9.485806585263708
10.20251919669018
-9.399317543509785
-7.637505365508194
0.6683266818623086
12.92117798604861
-9.663409966875042
7.940852676546822
3.151042604285327
3.183112193985798
3.152692299733503
-6.226145013214209
-5.331871900078704
-3.167269395040966
-4.934596497848336
5.174628733549704
1.951943302227432
6.907500211762573
-1.821591428087578
3.141498674546313
0.7935491460605792
-7.846935408585825
-5.751614364778428
3.852661922345644
-3.152576007559796
3.294417098040851
-3.141626040071162
-3.307569805452899
3.139528563890774
8.050555747670971
-8.720940806336849
-14.49483000691925
-9.42584839267534
2.634674805241097
8.432253688050794
1.604617275817902
3.181500909928172
3.148893540962039
-9.419329239285664
-0.6096581175542775
4.153220404272762
-2.825562600349731
3.141121323601878
-8.370318866133644
-5.93458837692548
-16.23115877163898
-5.270384967523445
0.1012186110974249
3.022714295852823
15.75820614587952
3.744583244194283
-2.693189416867175
9.424639821810228
-4.15149732467875
2.98796264599027
-7.152341185326868
2.731802067750662
-4.755795640360482
-3.299737969069217
9.004269579345436
0.6325142727807289