5.977074258050955
5.055105241958588
5.956082048722406
5.946024228955399
5.024615903388435
5.029932330272821
5.007616678175875
5.029972967335044
5.164104437174919
5.988090894969757
5.923102908185444
5.119330372442418
5.021164643630537
5.404088554070275
5.912244141756886
5.015027422714374
5.966869901699607
5.594531424939312
5.185800247198007
5.343621956858255
5.964512839585394
5.987546480249599
5.068677407194776
5.016772343479484
5.082886701511675
5.175530434672688
5.558902392252802
5.247613494863938
5.038251276671098
5.010420082142831
5.967572597017138
5.027551093963587
5.985363388457468
5.969459112580083
5.040345734598715
5.596416722470124
5.567781173448084
5.302129841333879
5.820435556606179
5.737736854179541
5.980154345620765
5.144588925834982
5.918050029770948
5.018026344374048
5.021413279510406
5.102481455416964
5.048684963908496
5.205990296699333
5.964756797158259
5.035150064197355
5.616886400517761
5.063396871884924
5.234268975832456
5.990468816607256
5.048557987703953
5.953920749290914
5.757927820932326
5.229986509910589
5.987712252408141
5.045347170351001
5.957619465566305
5.191050475952943
5.267797895607996
5.054721714488013
5.578507464883622
5.958832885265251
5.082746685429991
5.917635040722724
5.010708907332955
5.701905635870265
5.879374518124264
5.952129960339772
5.690230967976242
5.973285576239107
5.035522066675228
5.894287394845503
5.009371549956275
5.100130770982179
5.958629352568583
5.183174838124296
5.184536744015611
5.931426503097004
5.150688153747335
5.990643487561664
5.015820682423143
5.916805594288237
5.827387697305051
5.048624686723616
5.009154358686012
5.985091500686669
5.972221832763435
5.011381876535044
5.974835038815547
5.076090189969315
5.064622615380492
5.767969631106102
5.777081049618363
5.020495689969926
5.029449070365766
5.487532588615103
5.883569866605347
5.007823679591918
5.025204719967347
5.076922860052616
5.028137106049812
5.117769932536201
5.087471551104464
5.968784638500296
5.776790227171253
5.98998041295865
5.162355401993822
5.296298480735465
5.011348786387881
5.151077754998877
5.712065949622012
5.905350524535365
5.180125972115917
5.018378295030766
5.904594204696513
5.976520698072114
5.97610275585288
5.15649503656651
5.918866186013923
5.041749597590337
5.808838042180247
5.992416403490749
5.682210739818283
5.06054157389459
5.374580166443966
5.125501145580293
5.091809854407056
5.824600778121404
5.036537671097344
5.965536928542628
5.940437551471209
5.660666891115967
5.112076530184718
5.822615694264865
5.007355652408718
5.112225417595942
5.942245565291417
5.990478182688554
5.819858191958915
5.917885863194638
5.213575758175676
5.312211842613892
5.971732703422789
5.988939900794133
5.990493074135061
5.988066558769872
5.744420342029115
5.447370205368971
5.450621857616214
5.305442363768095
5.839645419855461
5.964161548412081
5.16856124738625
5.09904127568444
5.982411434389584
5.987136653647063
5.025586550892632
5.472721817627317
5.085125604886433
5.983917392963331
5.059192803412922
5.358182715674301
5.854479009102147
5.738163808772169
5.115339020199694
5.008760089624823
5.012310576976124
5.78586656947647
5.616615140056481
5.97841211454752
5.943690803287946
5.007713567566457
5.008551555270174
5.225061877055463
5.661424535011176
5.162893697791885
5.063916996205271
5.142496414409182
5.956379488400102
5.485063651115415
5.806512219755946
5.011019431944438
5.779620119027624
5.175091226597244
5.626540665372082
5.03402816510403
5.989689632629903
5.279052456019705
5.450343364885151
5.061411489989128
5.207947340376527
5.841103420185503
5.184345446734267
5.419286582169629
5.028410372775667
5.992860341359036