0.04021561429286104, 0.04568172491433656, -0.001757078637079302, 0.03152770668979196, -0.01790334388888814, 0.01896890956949942, 0.004609054512343712, 0.01467520505857118, 0.01249402616716756, 0.0115161790192906, -0.01040792170390711, -0.01879913338325456, -0.01731479406039277, -0.006614630363693034, -0.008190279523738388, -0.02361475913191879, -0.004867695374557669, 0.01526750586343552, 0.01150844035099223, 0.008403382990441381, 0.001321405105532815, 0.2434403399820302, -0.06766189208836358, 0.1390086350846383
0.002514873099241833, -0.001080490900022691, 0.0109328638524971, 0.01540223637143434, -0.009927477288179805, 0.02971834108966022, 0.009086930145580732, 0.02173289713198805, 0.04063393477997444, -0.001301189641213505, -0.007559795770093118, 0.02933371845361214, -0.08329202156150212, 0.005667261456139354, 0.06497681897929311, 0.04454642223752944, 0.05176324100625464, 0.07425854662533157, 0.02000796595766118, -0.0203912469091752, 0.005746924685981671, 0.0003430979354902861, -0.0007261422197818214, -0.01387938892723135
-0.006926666956686049, -0.01557254710150607, 0.03452779926188666, -0.0167340578021095, 0.017295113228177, 0.01349796816894459, -0.04477156021155373, 0.0003670650360546405, 0.01410390790188008, 0.04559296309152128, 0.03201731827124241, -0.001589911522074999, 0.05826967840107786, 0.01886764421827876, -0.03760242033529058, 0.0663585566167741, -0.03898600151708683, 0.04046519363457426, -0.01866911772778588, 0.05124567062205869, -0.02527105741786323, 0.1560285754234477, -0.05929475622020203, 0.08124404161147715
0.02860885630884532, -0.03518785284846219, -0.009634249140309045, 0.09115147558261286, 0.02290035005735821, 0.06963732703652538, -0.03108196767699381, 0.0269595476476494, 0.03874390210068764, -0.01706414120601943, 0.01152866623871891, 0.009190457186769878, -0.04370489043381975, -0.03059874218539035, 0.09236857301879721, -0.01430505797769197, 0.0580426105885613, 0.06067587230927163, -0.04047517988484032, -0.02704470000083192, -0.0258697147225304, -0.02601616732556045, 0.01140712661149363, -0.005286457670035401
-0.01342415979370605, -0.06122401712344112, -0.08692576547337943, -0.02804079672100361, -0.002732974909833188, -0.008901978782438359, -0.03751703944722669, -0.005266868611485859, 0.02461583365905849, 0.01781527119191882, -0.02980100986242068, 0.03579013898463235, 0.05407282838598036, 0.0405993649859906, -0.04835610633799436, 0.05862016044057327, 0.02405713791738677, 0.02618051687996207, -0.02670759392754698, 0.08119600555109731, -0.04676668148476485, 0.04735476900175783, -0.06684738038771455, 0.04590549302448863
0.02163104848332108, -0.003340464162672283, -0.003227818503983972, 0.06356599725462596, 0.1204206788498581, 0.02405600493491376, -0.0002994201575597581, 0.04811007207080639, 0.01603234475769573, -0.01612819325691824, -0.04700461933404906, 0.02398892681718424, 0.02914079235153066, -0.04379094535496878, 0.04555601743715094, -0.02162537207385936, -0.007102993315664281, 0.08968061056990344, -0.03326250370014051, 0.003588947661087782, -0.03451108560212965, -0.03493870374840811, 0.01571756635804823, -0.02671515167960416
-0.0344231888555836, -0.06930808693969986, -0.03687294233188748, 0.05252149654306754, -0.03335027971065727, -0.01437718290654445, 0.04828114876277868, -0.03135130711652008, 0.03370947569862037, -0.004056810686314278, -0.03930580868168177, -0.003352049957585618, 0.07794295143490683, 0.006039904079981308, 0.001334895883680382, 0.05277530815062566, 0.04136275317022808, 0.03360987762398959, 0.02684362833332939, 0.05978484278850253, -0.07347850150809251, 0.02275338994489112, -0.01063839915770239, -0.01211197280496974
-0.06368641921707748, -0.01335009527766754, -0.01872658967611057, 0.0462959742776091, 0.1225027100127154, -0.03885011863977812, 0.002426129311287611, 0.06676420216927891, 0.003257914113326104, 0.06429619062919922, -0.0246077215006322, 0.01617965747056657, -0.004675113032285835, -0.006884145449786317, 0.008411563751012697, -0.02084048402391048, 0.03280575975739426, 0.008228735216777082, -0.01668219160636492, 0.06259773572388901, -0.01447392184149354, -0.0266041840220903, 0.02171212558001692, -0.04014893209654462
-0.02828682092686755, -0.04254629900325176, 0.01211556209184226, 0.04708000748096558, -0.01366445486887471, 0.0407546811396091, 0.05622537514168374, 0.01915876921072377, 0.03749621267814478, 0.01392020048516302, -0.03876334964110643, -0.04901717751218315, 0.1024477825951969, 0.03357437809543538, -0.001851578110060129, -0.04543605079660584, 0.02058598244516271, 0.04755138135246673, 0.06452513384269297, -0.01930420369618439, -0.03907507814790108, -0.05048435326339905, -0.02677649794975949, 0.01580917722627542
-0.1066720784547984, 0.00302559725559633, -0.02837004044652449, 0.02651219016535081, 0.0348817476560752, -0.06917254968418463, -0.01045471610203106, -0.04022682032657785, 0.04672794394073294, 0.06759639882292648, -0.02667701295707887, 0.05318788245027639, 0.0001389829373553502, -0.02976782388225446, -0.0264278102272841, -0.05016887817673665, 0.003683160580250899, 0.01079542076439277, -0.03463542424028031, 0.009060922783324833, 0.01856610323780925, -0.001448314369987956, 0.01442033327043399, -0.02442799348921778
0.006635562986590467, 0.02068948598120895, -0.01476402663407497, -0.03689624368423684, -0.01520069795350268, -0.0110501899605862, 0.03709758653373355, 0.05353038158064897, 0.08647565347989075, 0.01719004771600228, 0.0160929766669205, -0.04816636667652811, 0.04497737797705898, 0.0008052777745964578, 0.0501529683826609, -0.04681062895491345, 0.002905941169571726, -0.005998586579730569, 0.04018823484865601, -0.009122600921930995, -0.0532341979590305, -0.05245643752878151, -0.002011890893959423, 0.02272480772811327
0.01435822122804025, -0.02200197225775101, 0.02873688042893582, 0.02594499394213333, 0.01502466951854741, -0.0658538519984177, -0.04802216020673217, -0.03041560507204218, 0.03836580293553631, 0.08921030973513548, -0.03304976132926455, 0.03197880519001349, 0.03858590805343433, -0.02524167428025739, -0.02435493809079771, -0.006250960953691942, -0.001052832161688581, -0.01899924165379798, 0.0410938476926486, -0.06405743665758022, 0.02884421250065378, 0.01467461101320945, 0.01050130268472588, -0.00794328268380072
0.03620933971303682, 0.01444882731494461, 0.04452082908338943, -0.04521890324501009, -0.043584473143837, 0.009219266139490133, 0.01780969587237317, 0.0006347189596395202, 0.0649662048206897, 0.04179323521717212, -0.0005001819620065872, -0.004692396138452413, -0.0198086518956414, -0.004304068671257351, -0.002704735768783491, -0.05318387021281522, 0.01104608388618684, -0.002696716318722701, -0.01368837434903788, 0.07139588239704299, 3.894758549129835e-05, -0.03007651964239615, -0.000507040494606577, -0.02507417441608993
0.002707157139872881, -0.04274060741956306, 0.01378390665469217, -0.01631454551533437, -0.01052318747584723, -0.05685347025736372, -0.05201359537957229, 0.02458901920808507, 0.002612436474817342, -0.001493498867057589, 0.0002245133052158315, -0.0417927607940163, 7.158000267539399e-05, -0.0632295830291824, -0.01122908558243061, -0.02437821413536538, -0.001549759682262138, 0.02509324801976088, 0.04626151662212744, -0.03595240833589915, 0.02750698925192737, 0.01341473588384967, -0.004226409668793782, 0.01638384489191924
0.01557718998119281, 0.02483415414164359, 0.02958750162601092, -0.005332896775847742, -0.01231603756105147, -0.02841204016550924, -0.04725813455687657, -0.0384612070760265, 0.01096855735498099, -0.006298303109480378, -0.03150630347946346, -0.02442958351987788, -0.02349108998859472, 0.03925188452561627, 0.01716863342756813, -0.02842521514149425, -0.00194524674212011, -0.01012819769143262, -0.004972016223803681, 0.04653006250770354, -0.007288249036478773, -0.01927636613204717, -0.006037951569982196, -0.009598019388765901
-0.003119938822675113, -0.004427618811985453, -0.006041795549937678, -0.007478680984065108, -0.004962280378951955, 0.02454483102825764, -0.02432641225469845, -0.01046451862046873, -0.009745453119665766, 0.01512983330915567, -0.002398337587667726, -0.005358731023083966, -0.02152338728551356, -0.06091933347843763, -0.02396780159256667, -0.0124811207406198, -0.01395980825014571, -0.01323786858507566, 0.05799893552740875, 0.006223067477140383, -0.03256274568672338, 0.002769337920134132, -0.007125756440804073, 0.01157228183967011
0.0110628644549301, 0.002635388634581403, 0.0002428165938720381, 0.02691767260135377, -0.02638503914184307, -0.009134142338839855, -0.01817856238760909, 0.02334814375118515, -0.006503385220064982, -0.00420986446127107, -0.004202218819875481, 0.00994385509380873, -0.0116250279551955, 0.020455487814594, 0.02857584663968467, 0.0008122538032446152, -0.05786928365122039, -0.005445958220078801, 0.01128158873042045, 0.0334713732298338, 0.02256102201420146, -0.0136500165156007, 0.008583687109829253, -0.004444643433857381
0.01180542922622822, -0.03082743700365767, -0.006043692666546406, -0.005657783428182862, 0.02701679781463666, -0.01110616481646018, 0.01290960251320207, -0.03206112260301905, -0.0002313387640189289, -0.008550575093444165, 0.03389522497408756, 0.009835237682756537, -0.02050943209363804, 0.008797488965671462, -0.02424924489392876, -0.01533110731133832, -0.01308567975327915, 0.008329711517723049, 0.03838615965805192, -0.002513149129968531, -0.02051334278540944, 0.01323419924997944, -7.485131562070976e-05, -0.01309270063833131
-0.01257559308709008, -0.005231066461055438, 0.003694670588430465, -0.01858847775237158, -0.005576306502063925, 0.02847868240864222, -0.01232702025056758, 0.01282285828401404, -0.00904873390002194, -0.01524883594883869, -0.01276905798143561, 0.01621484749340145, 0.008551722321010721, 0.006383206552521514, 0.02233284185423152, -0.01902844101374854, -0.000755845184561091, -0.01551763121174254, 0.003604976103690718, 0.009712822934089618, 0.01073537852935586, 0.01526586837001789, 0.02849681749342554, -0.01491059095503784
-0.0004911818427421848, -0.01306887733050161, 0.01145804129712355, -0.01072272159329717, -0.0002713426567429594, -0.01066913931294557, 0.007769157111118567, -0.01368138562448518, -0.020428527080868, 0.005417993009160056, 0.003966417005647149, 0.02209622731682026, 0.005583398891562487, -0.002511471629330436, 0.02595214248772564, -0.01227560636952487, -0.000940954936754627, -0.003060083411574141, 0.001464546802197808, 0.01058050671980182, -0.001392515104025652, -0.004400052197450933, -0.02043540168365367, 0.01148780722510423
-0.01254821477616629, -0.1236239053237137, 0.1014600042076189, -0.0384341740231105, -0.08392780956770617, -0.05237087327139581, 0.006416336452560097, 0.1099968406321716, -0.06954751974756918, 0.04830680252558953, -0.1402354703168778, -0.003575395146209234, -0.1294454656596014, 0.07445998611159711, -0.04169068239764828, -0.05118636649552562, -0.1001227966651105, -0.01846460921150692, -0.1578947989857733, -0.1424590762837542, -0.2749250542251931, 0.05029583733850242, 0.004449916380442329, -0.03786666856567096
-0.008465810142964957, 0.02762253432564373, 0.02909023017708424, 0.01315745674635296, -0.02047905786710041, -0.009064296784590321, -0.01247158464745308, 0.03605715025971619, 0.006286428096519641, -0.05042285426374683, 0.01905916805006045, 0.04781230939214585, 0.005977063774400023, 0.005507649871612551, -0.0182169589810382, -0.009296169020927555, 0.01816341095852073, -0.01009840639668201, 0.005241409573531811, 0.01351378321251207, -0.0153008601942561, -0.002242101896059306, -0.02688024903850183, -0.01094732431787869
0.004823346693029436, -0.03378511809893489, 0.03324664295456588, -0.005440513115822773, -0.02191614009007373, -0.04587332118686246, 0.005765047956892553, -0.02529489054805352, -0.04556510661642824, 0.08723758973107314, 0.004798050798678373, 0.03446973133746306, 0.01198810397373177, 0.0252784716141016, -0.05857199904363213, 0.01614621038180731, 0.05009452150559403, 0.0802217297178566, -0.005112744258461019, 0.0342202379628971, -0.03742442082398458, -0.1290893951057172, 0.4016292046950182, 0.2791569927466603
0.008816539524573881, 0.03070158162394658, 0.001226301540896366, -0.0012958213448222, -0.04280935845824257, -0.003544058855438621, -0.007732739712979914, 0.01710074712698271, -0.03882755926884406, 0.01736190388104805, 0.003910307987510772, 0.01443210408009361, 0.01550960304342481, 0.01797271161555111, 0.01238235786341469, -0.0100763162397695, 0.01154603661386156, 0.03484332349655207, -0.0178115099401131, 0.03120683109459489, -0.007253122113206176, -0.01927200019768969, 0.06229563474106598, 0.01231037435525726