0.2814163985613736, -1.302214651478249, -0.7996755457271297, 0.9839574687108842, 1.191273780321249, -0.5098508897921403, -1.394185709645207, -0.04501116467114274, 1.376272036358762, 0.592743883713802, -1.140370113958708, -1.046591674508243, 0.7238445372838573, 1.334669413571822, -0.192668950186334, -1.411348358702367, -0.3690235449062022, 1.264483302737845, 0.8722662609502423, -0.9173362575188655
-0.8446240787755138, -0.4053279832385055, 1.328779772870663, -1.181871321614904, 0.08294049740465902, 1.082800653538377, -1.376322952254995, 0.5611879724726784, 0.7059958009946754, -1.404485008931437, 0.9716318054499221, 0.243891389379335, -1.262954906227051, 1.2646815059577, -0.2476803759314809, -0.9688325409670639, 1.404930333326765, -0.7093269960390374, -0.5576542549178759, 1.375433196498443
0.2007690290230556, -1.357209154994591, -0.5861218095072509, 1.190791423309789, 0.9242235562133357, -0.9283763667467354, -1.187817721449493, 0.5911189440536292, 1.35565429096398, -0.2062076365548354, -1.414202883722181, -0.1953273894988897, 1.358743522597832, 0.5811158234120494, -1.193747141965481, -0.9200567881547274, 0.9325151570396255, 1.184826081293123, -0.5961071515849918, -1.354078953987388
0.9322440532066718, -0.1851502895236085, -1.176344747684867, -1.365733430909567, -0.624227532352561, 0.5427567315388586, 1.339793764748096, 1.223616895389035, 0.2734131857148752, -0.8631510884803887, -1.411384833935319, -0.9976076444713861, 0.09614671327782774, 1.124366719724792, 1.386209581379742, 0.7032011570404096, -0.4591146725189756, -1.308494352613409, -1.265994054102826, -0.3605823126561907
-0.5156765579983095, -1.038142621541842, 1.272769868417016, 0.1099411075245496, -1.352947365535128, 0.8767319935894022, 0.7135670784693976, -1.397119896401681, 0.305320023812967, 1.174457091918838, -1.161824312544475, -0.3271655958786802, 1.400418585526955, -0.6941271637941779, -0.8942077611336938, 1.346252122379667, -0.08758265459634158, -1.282380125866201, 1.02279270624151, 0.5364811522835249
-0.5607645468240829, -0.9695043821738182, 1.329621104247247, -0.08493943848901937, -1.262260661667612, 1.085963678033353, 0.4010471278956451, -1.404010424172775, 0.7123904605918928, 0.8390557038612729, -1.377795890230672, 0.2535926889384781, 1.176686534368093, -1.186753151763748, -0.2355428329540903, 1.373548234901715, -0.853736995749004, -0.6964999413967445, 1.406089885569906, -0.418586744877755
0.1487120637380334, -1.382937836429533, -0.439558573980438, 1.290494001340455, 0.7109631641879547, -1.140970899312361, -0.95092145848837, 0.9409820202532607, 1.148819968155369, -0.6993729834382469, -1.295905532113905, 0.4268302908525398, 1.385672474119569, -0.1354086572691082, -1.414150352434772, -0.1620021764858044, 1.380079574673555, 0.4522475639335384, -1.284967110272916, -0.7224897902681927
-1.055219667966622, 0.1604970432798711, 0.8157089727994518, -1.37778440968083, 1.240366921244955, -0.4732225465762927, -0.5341740918753618, 1.270373730615614, -1.361612205017857, 0.7615682859313703, 0.2251193086183836, -1.097515173181616, 1.412709131790118, -1.010679092017635, 0.09553330665751789, 0.8681141685675455, -1.391025259337993, 1.207721124411466, -0.4112641795487815, -0.5939891357833658
0.6069813167304339, -0.8931800655063558, -1.373688165911952, -0.2859955185873269, 1.128189266637018, 1.254434550433946, -0.05138113039363183, -1.298540174946684, -1.063287327309318, 0.385813046365059, 1.394469713230549, 0.8112014430973044, -0.6981334127377276, -1.410480009491454, -0.5126243344110923, 0.9704426604410274, 1.345653488589832, 0.1846679227110163, -1.187134320244541, -1.203705459911245
-0.6518651000418331, -0.8132744680831123, 1.401603692010738, -0.4788309892828001, -0.9601806721265368, 1.363998953368374, -0.2972578617005905, -1.089963926536189, 1.302069953618651, -0.1103837199010547, -1.200309800087741, 1.216921075691122, 0.07845890026001812, -1.28925048933548, 1.110070783756592, 0.2659023589544433, -1.355199910548926, 0.9834245443801215, 0.4486039676699429, -1.396981984422806
0.9746161793011341, -0.07088505495641176, -1.072318143515422, -1.407107576191288, -0.8671199247661424, 0.2119428138715935, 1.159243973045308, 1.385861028415725, 0.7509096508393147, -0.3508706784811692, -1.234520117021364, -1.350687433721872, -0.6271531989594252, 0.4862725095987413, 1.297390096714856, 1.301940265000256, 0.4970942449903861, -0.6167876024955251, -1.347222107681476, -1.240109401172359
0.3510812807219746, -1.239900334225925, -0.9666966430540755, 0.7599316724298198, 1.344005688754582, -0.09262759465843953, -1.389995651555266, -0.5975106794040954, 1.093329263745722, 1.140352932341557, -0.5271395755493735, -1.402079792028239, -0.1689985214911759, 1.318171365544644, 0.8234757568104042, -0.9093124335749037, -1.274952934302877, 0.2762933182947674, 1.412133646781804, 0.4248365569283594
-0.4296871479412232, -1.153105834349266, 1.130394269437778, 0.466199835698291, -1.413689640238384, 0.3928560887389962, 1.174963019573902, -1.10684515269612, -0.5023670983800812, 1.412118262027958, -0.3557339476151667, -1.195949630297205, 1.082475932554773, 0.5381621382949622, -1.409500592035314, 0.3183482297668864, 1.21605011674623, -1.057304665089812, -0.5735584335452256, 1.405838569791067
-0.5400865788028317, -1.00169664079376, 1.305180233847082, 0.0048028957830151, -1.30884867490975, 0.994892796310957, 0.5489517810721394, -1.414180939566305, 0.5311964593066224, 1.008454271385191, -1.301451577490589, -0.01440846576448944, 1.312456731432802, -0.988043051836338, -0.5577916571129814, 1.414083072651009, -0.5222818327346511, -1.015165376317797, 1.29766287786413, 0.02401337100252671
0.5593229727764969, -0.9717878973970376, -1.328009273264592, -0.07867027152433587, 1.265780920618491, 1.079905680716838, -0.4115732228175883, -1.405460978199984, -0.7001494099777973, 0.8516413008955765, 1.37379949625874, 0.2350370321235128, -1.187884702315892, -1.174656366420017, 0.2587290099402693, 1.379311565370987, 0.8323093815085192, -0.7209530685765697, -1.40258479715639, -0.3884944988760016
0.4340568340108836, -1.147768182178322, -1.138613255459367, 0.4488315039043608, 1.414128052902207, 0.4192296742089522, -1.156784310836545, -1.129320637772639, 0.4635518972084504, 1.413871534830089, 0.4043518175270376, -1.165660551125735, -1.119891452861881, 0.4782162338058094, 1.413444039177125, 0.3894250631243117, -1.174395829654111, -1.110326840985729, 0.4928227403579605, 1.412845617639789
-0.9056969432676166, -0.2541526283401377, 1.231228057853784, -1.322864475911486, 0.4631614517191222, 0.7296246396911441, -1.397700369295517, 1.060618341645792, 0.03920853247527476, -1.110838547359668, 1.38360779961993, -0.6613539816021002, -0.5365132793979994, 1.348546425659659, -1.190770927274314, 0.1766512073690832, 0.9645074225314585, -1.412039479109058, 0.8441017918452867, 0.3308726270557638
-1.414213562373095, 1.414213562373095, -1.414213562373095, 1.414213562373095, -1.414213562373095, 1.414213562373095, -1.414213562373095, 1.414213562373095, -1.414213562373095, 1.414213562373095, -1.414213562373095, 1.414213562373095, -1.414213562373095, 1.414213562373095, -1.414213562373095, 1.414213562373095, -1.414213562373095, 1.414213562373095, -1.414213562373095, 1.414213562373095
0.8931317838422639, -0.2861174890039152, -1.254520799110553, -1.298441489905431, -0.3855134855954519, 0.8115074705380249, 1.410511596272231, 0.9700802212033517, -0.1852235613030499, -1.204032226922508, -1.33556435821087, -0.4828911761926586, 0.7256346148262481, 1.399425079134373, 1.041949929029437, -0.08335991960244833, -1.147240099731165, -1.365695052051054, -0.5777407524905339, 0.6359627929368369
0.7744362528514119, -0.5660368432584318, -1.394370134878849, -0.9611027784709338, 0.3417528298727644, 1.335396715411989, 1.120798026475067, -0.1078782600379656, -1.238948265860045, -1.249040493985804, -0.1290236806101627, 1.107731404044452, 1.342231332606497, 0.3623048498000738, -0.9454284483260816, -1.397755342344021, -0.5854187144058635, 0.7565940812784717, 1.414054361558958, 0.79210406478698
-0.201021390446133, -1.357065758827656, 0.5868177836140875, 1.190240987888992, -0.9251880336489285, -0.9272218938899967, 1.188785328033652, 0.5892654692856601, -1.356305944621326, -0.2036850815532374, 1.414211001391194, -0.1983569712847161, -1.357820658046688, 0.584367972620341, 1.191692336958876, -0.9231508225846577, -0.929252395941675, 1.187325362664929, 0.5917110207700886, -1.355541218179575
0.4876484381336568, -1.077912164138507, -1.23101874269412, 0.2289535865093746, 1.388914073126456, 0.7288957744109636, -0.8862390947345359, -1.340080848375439, -0.03793296819849817, 1.313920792796943, 0.9440640356500061, -0.6628573823876077, -1.401196361101999, -0.3034623237582842, 1.191916897023294, 1.125454742277015, -0.4157593747597487, -1.412178636228088, -0.5581341370048787, 1.027267548651203
-0.2593880743236076, -1.319062200667289, 0.7432598363367101, 1.046412096328102, -1.127115324414499, -0.6329522323880123, 1.359301275767497, 0.1343195651191417, -1.408573739654456, 0.3823877266122088, 1.268302399186637, -0.847639263916077, -0.9573627755850497, 1.198828777855413, 0.5175962560081462, -1.388698681093749, -0.008179734644570173, 1.391699254238266, -0.5023374873635493, -1.207426727125537
0.2605770726530071, -1.318187880539764, -0.7463446374065748, 1.043151201525979, 1.130757987214905, -0.6264537323077731, -1.361613473345852, 0.1246833315572926, 1.407560731115471, 0.3940191680565986, -1.262360085169077, -0.8592135409282362, 0.9457299025208404, 1.207726009025017, -0.5006688221129358, -1.392228292846845, -0.01238349567980101, 1.387664830666436, 0.5237541245851381, -1.194655344397165
-0.3392429134242017, -1.25145772779402, 0.939644687102102, 0.8006519800380902, -1.323767025585688, -0.1655589581595428, 1.40319591073267, -0.507641018883662, -1.159649076220994, 1.0639964967745, 0.6491840643691302, -1.375450295839462, 0.01070462294874766, 1.370314625283247, -0.6681294110533309, -1.049771570145535, 1.171769844664331, 0.4876010090041029, -1.405702245376938, 0.1868014119830105
0.3661493096347225, -1.224616572904237, -1.000272082412702, 0.7066623654679568, 1.366191267668927, 0.0007696699688428328, -1.365792722307411, -0.7079953333090113, 0.9991833085485723, 1.225385759136477, -0.3646622408943292, -1.414212724604491, -0.3676359445673691, 1.223845935766216, 1.001359671170753, -0.705328560384835, -1.366588194389268, -0.002309008994637304, 1.365392558776909, 0.7093274623287151
-0.6915359704652009, -0.737905526343833, 1.413192483807553, -0.6441678206322604, -0.7832095295557496, 1.410130722572019, -0.5958694775502106, -0.8273825600712742, 1.405032699920614, -0.5467106851448426, -0.8703608310114828, 1.397905777516095, -0.4967624298506881, -0.9120822807579503, 1.388760246799442, -0.4460968381049737, -0.9524866625711526, 1.377609314128782, -0.3947870721953833, -0.9915156315881691
0.9546551338986824, -0.1253468043004186, -1.123884129330447, -1.391993691532707, -0.7554273966407586, 0.3721015597097524, 1.25779659144969, 1.326032308293598, 0.5324613787875314, -0.6071635286598972, -1.352184502894148, -1.21840215959445, -0.292763484817514, 0.8231462078269955, 1.404081851659707, 1.072485376771374, 0.04386589570596724, -1.01326263467223, -1.411857834001854, -0.892867196671248
-0.4106684194398855, -1.175708494662875, 1.093487990785322, 0.5406403595521271, -1.40747723236793, 0.276784201762713, 1.246728483115253, -1.000850254095697, -0.6654618302120139, 1.3873324167362, -0.1402631691476825, -1.305871376463254, 0.8986778081136116, 0.7839437060420689, -1.353971027264918, 0.002405904127474752, 1.352573743471804, -0.7879440098084534, -0.8949572565075911, 1.30771088487575
0.896028771637926, -0.2787873707931849, -1.2493014484758, -1.304297492860431, -0.403473084978769, 0.793026066335793, 1.408376716228566, 0.9916351653499681, -0.1518003931582141, -1.183992986593695, -1.348527152315552, -0.5248283116296026, 0.6834772901134595, 1.390914358315688, 1.079056060003523, -0.02356037204647648, -1.108911198980854, -1.38162533103932, -0.641851318326138, 0.568286718490748
-0.1277023250088368, -1.391150731911623, 0.3789418656688084, 1.32271445244632, -0.6178219264946201, -1.211136825765369, 0.8365512509320514, 1.060057041812781, -1.027995814162408, -0.8744026837148356, 1.185911504798233, 0.6602290108738903, -1.305147781369366, -0.4245214620347795, 1.381815661186642, 0.1749678198379837, -1.413414562497622, 0.08029253211256245, 1.398913862879928, -0.3329340814936763
0.7254194399701583, -0.6700072021914237, -1.412778495661989, -0.7793594456651564, 0.6132351909560511, 1.408476207983366, 0.8317177485307976, -0.5552186245388666, -1.401315430790514, -0.8823880878728109, 0.4960752470279958, 1.391310696814908, 0.9312676287033753, -0.4359250893643183, -1.378482310572166, -0.9782571704437915, 0.3748902257397773, 1.362856307154219, 1.023261348251125, -0.3130945258489294
1.028409809464239, 0.08149651189255126, -0.909882007868588, -1.40482080638862, -1.133276870349515, -0.2434069879349948, 0.7792679133650491, 1.376767305821581, 1.223090203298282, 0.4020842006239844, -0.638302520370938, -1.33042570550066, -1.296656785215606, -0.5554203829592043, 0.488858323357924, 1.266411577720349, 1.352999404496472, 0.7013787147847936, -0.332920443828423, -1.185575245370763
0.252914880604497, -1.32375206697653, -0.7263887672606618, 1.063940489387217, 1.106934377913868, -0.6680170115253347, -1.345867799579259, 0.1866328657406759, 1.41262183194262, 0.3186275722451635, -1.298656506569186, -0.7831253879131881, 1.018551621066525, 1.147436505392904, -0.6081415182589719, -1.364953920829101, 0.1199307315686715, 1.407850223710825, 0.3836230183209131, -1.270637609637234
-0.06876374569743365, -1.40752652040412, 0.2056409448512184, 1.3875286332208, -0.3405734170339904, -1.354409018951321, 0.4722851186148981, 1.308480886656194, -0.5995304644861341, -1.250178574339784, 0.721106107443516, 1.180053441456876, -0.8358623181272278, -1.098768654758438, 0.942713857903629, 1.007092916786368, -1.040650241864455, -0.9058931963262394, 1.128745294886972, 0.7961265295654687
1.142499571994752, 0.4317668563379921, -0.4448772868005507, -1.15057216733631, -1.41414633410857, -1.134318353365326, -0.4186153755882586, 0.4579454205001387, 1.158535371887, 1.413944655706728, 1.126029289278404, 0.405424094930005, -0.4709700149823335, -1.166388428544167, -1.41360854634217, -1.117633167817775, -0.3921942685258681, 0.483949831932201, 1.17413059067748, 1.413138037970534
0.5362933990868021, -1.007470737164353, -1.300392854062636, 0.02120936560291441, 1.316478745294757, 0.977252083111991, -0.575298126806922, -1.413577396519158, -0.4968061819361349, 1.036782995607345, 1.283137032697659, -0.06360901528592235, -1.331380234329822, -0.9461542203990602, 0.6137852735423203, 1.411669471299467, 0.4568720009924737, -1.065162486953066, -1.264726805820186, 0.1059514375676373
0.4506312007204129, -1.127031365192118, -1.168875617064234, 0.3821200776400503, 1.412396445866589, 0.5179842958834049, -1.082290878477503, -1.207716103120026, 0.3126269858966503, 1.406949765956367, 0.5840062797641956, -1.034769130611887, -1.24345301143545, 0.242330508198589, 1.397887519470394, 0.6485274896754804, -0.9845882425461161, -1.275994505632017, 0.1714112917880745, 1.385232994486391
0.2977411001570434, -1.288843865629459, -0.8404339447076793, 0.9349627631364356, 1.234118249693393, -0.4153132064301531, -1.408993974664896, -0.177971184687425, 1.334055736572809, 0.7397013692169575, -1.022590049468578, -1.170282852012972, 0.5298196318683284, 1.393373740510135, 0.05688755503386717, -1.369420126046695, -0.6335086054247969, 1.102668973099723, 1.097808880708308, -0.6404151344987462
-0.367438897616685, -1.223278689346971, 1.00309985442068, 0.7020308177181536, -1.367901093241279, 0.00878130164212234, 1.363338003364518, -0.7172222703379573, -0.9906427225797775, 1.231996954447053, 0.350451432023183, -1.41410451058547, 0.3843696958585369, 1.214371767128353, -1.015402285677171, -0.6867310961385876, 1.372253221968352, -0.02634255065192471, -1.358564656069276, 0.7323031111339402
0.06062919504355375, -1.409015055740955, -0.1814418515004357, 1.393457754218229, 0.3009205840105137, -1.367656031952211, -0.41818700899739, 1.331799578008101, 0.532379007323982, -1.286152001813207, -0.6426570624187731, 1.231048895153528, 0.7482104322325503, -1.166895364970535, -0.8482631096506652, 1.094163055096544, 0.9420795275410122, -1.013386678824236, -1.028969966495477, 0.9251600878022594
-0.03799045847858312, -1.412172463385201, 0.1138617140827357, 1.406055058155538, -0.1894043021708099, -1.395879004879383, 0.2644001652949189, 1.381673677242004, -0.3386328241560521, -1.363480079630059, 0.411888002482353, 1.341350728770384, -0.4839542455483057, -1.315349502137845, 0.5546235305492756, 1.285551453569818, -0.6236918670697863, -1.252042596619549, 0.6909598859119671, 1.214919656273742
-0.08244659692411416, -1.404600528634455, 0.246218938959074, 1.375892115484495, -0.4066439634031409, -1.328478610432168, 0.5615407108686586, 1.263004594516523, -0.7088033782449685, -1.180360179303092, 0.8464299468446592, 1.081668905921582, -0.9725493996127684, -0.9682724706560164, 1.085447157384136, 0.8417124847411511, -1.183588388386051, -0.7037095163385867, 1.265638874096105, 0.5561396996144484
1.05783001905512, 0.1682975646400434, -0.8060572730614146, -1.374157278064464, -1.249678661475142, -0.4953589498279583, 0.5086228813900816, 1.256257539161096, 1.370735331465653, 0.7943591716144439, -0.1823759492582396, -1.06719314664055, -1.414142393773234, -1.048360423417976, -0.1542022412760253, 0.8176742467790831, 1.3774409190324, 1.242974006632216, 0.4820451615768245, -0.5218356212803276
0.8340253360180307, -0.430489067534065, -1.341782861125779, -1.152130320920687, -0.01714326376586404, 1.13191001374335, 1.352219739726594, 0.4630195680423421, -0.8060928164754376, -1.413797937038471, -0.8614676296589776, 0.3977055328766226, 1.330557305389506, 1.17167342549878, 0.05141971477884537, -1.111024389119278, -1.361861806572293, -0.4952779135267601, 0.7776864892909139, 1.412551305332097
0.8712865171099813, -0.340627203006296, -1.291002318508827, -1.250126758915779, -0.2493853834645225, 0.942837778017692, 1.411136148222111, 0.7959433120028151, -0.4303865718028188, -1.32625928002074, -1.203810496615913, -0.1570582086008344, 1.010285694992984, 1.401917299047385, 0.7171360654284913, -0.5182728462355207, -1.355744200894941, -1.15225510557912, -0.0640474974360736, 1.073336726551491
-0.9526201895788857, -0.1308356486858251, 1.128883073447179, -1.390005101328051, 0.7437434638358965, 0.3880276654328448, -1.266497590993633, 1.318208517465905, -0.5094039860011199, -0.6319351926615121, 1.360752380687156, -1.201281833888452, 0.2576245869558492, 0.8542078283835965, -1.408420541774827, 1.043228144809783, 0.002974830428236968, -1.047235861327162, 1.407870110242893, -0.8494585658872267
-1.289196943323943, 0.9362500492003378, -0.4177739608308216, -0.1745646466085868, 0.7360401899321413, -1.167383681806263, 1.392333507383371, -1.371118492920577, 1.107489457179323, -0.6480560659250193, 0.07404623378254656, 0.5130549871672579, -1.009447984707959, 1.32737037849855, -1.410613426310548, 1.244459740793581, -0.8582853264756081, 0.3203658963406105, 0.27419428775795, -0.8202768674407132
-1.269714856317848, 0.865747342045007, -0.2848626010891577, -0.3542343906272397, 0.9209428655767457, -1.299454796570971, 1.412420502189298, -1.236755211185331, 0.8083564823496943, -0.2147684655045441, -0.4227079232139488, 0.9738030897905416, -1.325899618295509, 1.407045868426184, -1.200659439253747, 0.7489158165128165, -0.1441297264817011, -0.4901095657174865, 1.024193973314052, -1.348982263505085
0.1402102430415644, -1.386411662042305, -0.4151179673946246, 1.304099071288115, 0.6737041563557327, -1.170512142108561, -0.9058017635272394, 0.9909032219416283, 1.102285215921753, -0.7723341427904276, -1.25542921163939, 0.5233985653518063, 1.359212461932137, -0.2538840949731773, -1.409554435178164, -0.02561254569686018, 1.404475794508018, 0.3041021567900019, -1.344176221024304, -0.5706351326501068
-0.003364570239046992, -1.414197553004787, 0.01009363454103068, 1.414149525262324, -0.01682247031640814, -1.414069480233087, 0.02355092521985871, 1.413957419729348, -0.03027884691468116, -1.413813346288232, 0.03700608307624768, 1.413637263171658, -0.04373248139546022, -1.413429174366265, 0.05045788958217241, 1.413189084583321, -0.05718215536867529, -1.412916999258619, 0.06390512651310447, 1.412612924552352
0.2471660345801425, -1.327817772832568, -0.7112988392540661, 1.079186422974952, 1.088523659940769, -0.6986978125804144, -1.33275037689508, 0.2328408380657798, 1.414138857622792, 0.2614651183808576, -1.32274488685252, -0.7238247182928887, 1.069735171613569, 1.097745896046211, -0.6860229695511338, -1.337542177917977, 0.2184910422728759, 1.413914751264325, 0.2757365787915812, -1.317532254897584
-0.6578228790597901, -0.8022395978632724, 1.404148011279051, -0.5040421575679208, -0.9352365652560723, 1.37409463949488, -0.3430864771794069, -1.05492059083716, 1.324481251925427, -0.177247016069783, -1.159587991787083, 1.256014087148539, -0.008884472246227791, -1.247748844518378, 1.169667764222694, 0.1596045406082021, -1.31814819349778, 1.066671409141756, 0.3258216085441608, -1.369783915336018
0.2710240923097461, -1.310333836472201, -0.7732566378054955, 1.013955433719433, 1.161891506509781, -0.5686187472492453, -1.379835081573411, 0.03974735120203592, 1.395069682722578, 0.4949632533749314, -1.205357223385788, -0.9569597383032032, 0.8385680037782733, 1.278371069817565, -0.3485863375708594, -1.411979314350573, -0.1926054911793191, 1.338156336252196, 0.7055020098532206, -1.067747330242783
0.1020441792430936, -1.399487336017405, -0.304007362689533, 1.355615345767991, 0.4996392799738082, -1.283511270967601, -0.6848656951064269, 1.184676753171556, 0.8558290773878243, -1.061170122917116, -1.008968938454724, 0.9155635328719466, 1.141095983114157, -0.7508893901079902, -1.249458529697774, 0.5705772031037267, 1.331799816664131, -0.3783821587010341, -1.386405001980113, 0.178306916474986
0.8659871838717499, -0.3536470078115461, -1.299095427955463, -1.237343237463759, -0.2162674764929218, 0.9724824442793342, 1.40725779887819, 0.7509732637639677, -0.4875477364762209, -1.348068501071134, -1.163419381884394, -0.07676053605003191, 1.069411458024706, 1.386458931787345, 0.6285720684203673, -0.6166524897130912, -1.383780711870302, -1.078051045384906, 0.06350149280200534, 1.155820740693136
1.397630092871612, 1.348268609304702, 1.26728676519664, 1.156583792711043, 1.018755960780386, 0.8570356859336726, 0.6752157238296622, 0.477560219398846, 0.2687047016967202, 0.05354736884580555, -0.1628657872863524, -0.3754593225519619, -0.579247372719352, -0.7694505847903137, -0.9416082050988023, -1.091682695437304, -1.216154423694097, -1.312104208262863, -1.377281780346293, -1.410158558536903
-0.5189808810361632, -1.033307648235051, 1.277376823389536, 0.09577718345085939, -1.347672468082804, 0.8933467557371523, 0.6920007948663757, -1.401240601126158, 0.3364394648859076, 1.154310922968029, -1.183645736598313, -0.2855743706418108, 1.393242988979824, -0.7369960432706126, -0.8523248899977697, 1.362559726308457, -0.1477255493960536, -1.254136588789591, 1.068198848630322, 0.4701322568643289
0.1172093573747495, -1.394785049138999, -0.3484076199782606, 1.33703332856634, 0.5700330115024571, -1.242545190793878, -0.7759961378603334, 1.11391679821748, 0.9606379424105933, -0.9546823531584065, -1.118885194576586, 0.7692169918838614, 1.246389882269093, -0.5626165730701597, -1.339648678157434, 0.3405576636487553, 1.396099197325606, -0.109141569073401, -1.414190401531708, -0.1252733065567339
0.8897544869123729, -0.2946329445033806, -1.260491964389522, -1.291447702539217, -0.364540376579922, 0.8327455031649725, 1.412386427007861, 0.9444643809993889, -0.2239641927973456, -1.226279165910317, -1.319066391982209, -0.4335058510457805, 0.7735847386688157, 1.40690974215615, 0.9967338172692243, -0.1527167266621822, -1.188897711591147, -1.343276667140388, -0.501351163900188, 0.7124250624500829
-0.08664819238951212, -1.403595775294641, 0.258643483639238, 1.3719018488228, -0.4267550312853418, -1.31960769320467, 0.5884585028425084, 1.247498547989034, -0.7413257883328364, -1.156657191011828, 0.8830614603445345, 1.048447679600692, -1.011537241753303, -0.9244948681377323, 1.124823963545297, 0.7866600095410449, -1.221220532868915, -0.6370128070287389, 1.299279476336247, 0.4778003358310867
-0.2061943445972408, -1.354086706182376, 0.60104987184957, 1.178818857402431, -0.9447967968798892, -0.903313429518794, 1.208205557085761, 0.5509972594433169, -1.368877922007995, -0.1518285716696844, 1.413151564489591, -0.2602504359273653, -1.337261798622627, 0.6501997723758528, 1.147661699331622, -0.984861181669577, -0.8604733831159825, 1.235777662738033, 0.5001171087657412, -1.381613231293573
-0.3975591027920246, -1.190692526487141, 1.067006299631327, 0.5907858667842731, -1.39916589050223, 0.1958720339529574, 1.289040076194924, -0.9206135154235172, -0.7714403402740957, 1.354343098701309, 0.009983313530897471, -1.359956051759933, 0.7546295033155422, 0.9356780837632306, -1.280699043843582, -0.2156262098967612, 1.401931317137801, -0.5725865062676764, -1.080004015973169, 1.179800917196657
-0.1796994560112949, -1.368545927229548, 0.5274926962867589, 1.234492410710302, -0.8412184595759514, -1.020710696838466, 1.100615147384539, 0.7410076187108423, -1.288929938764589, -0.4134474609027061, 1.394000750967515, 0.05918529952469065, -1.409041712829888, 0.2988992727486398, 1.33308142204471, -0.6376797974640404, -1.171025682003019, 0.9352765447022551, 0.9333406664229278, -1.172469588938059
0.1222813852111332, -1.393067198673878, -0.363187272805915, 1.330260499613182, 0.5932318727337997, -1.22767172931804, -0.8055355921149778, 1.088368853625912, 0.9937493875175696, -0.9165177911110639, -1.152244636113048, 0.7172578293135401, 1.27628146231179, -0.4965479319075323, -1.362150485990914, 0.2609885330661197, 1.407283753266324, -0.01762414834651072, -1.410331532371711, -0.2262672948892094
0.1001588877815836, -1.400026450795958, -0.2984671149226369, 1.35774976067588, 0.4907870155843321, -1.288231714849643, -0.6732599591301286, 1.192867095971016, 0.8422248803874505, -1.073569262141686, -0.9942917338154081, 0.9327317580489353, 1.126409510041476, -0.7731802918290255, -1.235927450110285, 0.5981160411736273, 1.320648229265801, -0.4110514261631217, -1.378872043208651, 0.2157396374554056
0.8821370646931391, -0.313720932957718, -1.273513403168819, -1.27502549856934, -0.3171194130368223, 0.8794094535582937, 1.414209265185547, 0.8848593149567405, -0.3103205463522971, -1.271993568447895, -1.276529845460244, -0.3205159659365673, 0.876676498128282, 1.414196373649019, 0.8875761878056017, -0.3069182738851902, -1.270466003642819, -1.2780264346994, -0.3239105710156283, 0.8739382150116564
-0.4535590560536334, -1.1232874635128, 1.174068624315483, 0.3702053673502501, -1.411529219276275, 0.5351909282598312, 1.068242040184779, -1.220392745402628, -0.2854462922912394, 1.403486380381456, -0.6147910902463273, -1.009141319661772, 1.262083969551586, 0.1996035961941998, -1.390115578190434, 0.6920573611388733, 0.9462096621328909, -1.298984027102495, -0.1130031580562172, 1.371467571402622
0.3399990679158185, -1.250731370914479, -0.9413898502392715, 0.7980816719684808, 1.325132492524009, -0.1609165021378343, -1.40250618231854, -0.5134523590040514, 1.155622220623792, 1.069111685613226, -0.6415598664253963, -1.377593745749608, -0.02083031562824885, 1.367577878151627, 0.6784045551138442, -1.041379738711497, -1.179132521424939, 0.4744159237683274, 1.407246543489594, 0.2022322513649139
-0.06842438916292752, -1.407592360092354, 0.2046324555996618, 1.387790752824749, -0.3389243858632216, -1.354994158742881, 0.4700426979740701, 1.309509678399756, -0.5967596270595042, -1.251763219102441, 0.71788862189106, 1.182295506803765, -0.8322954555058862, -1.101757022855827, 0.9389088458744118, 1.010901913036597, -1.036730487164708, -0.9105809258841414, 1.124844397672654, 0.8017334464625142
-0.1470631500117341, -1.3836275594287, 0.4348282128657283, 1.293192552440503, -0.7037847204168005, -1.146820320313207, 0.9422989212277696, 0.9508422144663394, -1.140053850106979, -0.7137352953410587, 1.28849558988393, 0.4457556559624214, -1.381203272295602, -0.1584947931978818, 1.414166813543255, -0.1356217840646728, -1.385960371029306, 0.4238720220456708, 1.297804018378753, -0.6937876162935388
-0.01826513132092253, -1.41374175948413, 0.05478320691838613, 1.412326665618298, -0.09126472951426809, -1.409969224968741, 0.1276853575406295, 1.406671010490688, -0.1640207900602186, -1.402434222851933, 0.200246782980778, 1.397261688964478, -0.2363391652314623, -1.39115686009834, 0.2722738548904349, 1.384123809578753, -0.3080268752531459, -1.376167230068327, 0.3435743708302186, 1.367292430435962
0.1538138062555788, -1.380755126357068, -0.4541633533713691, 1.281962983639068, 0.7330230832432888, -1.122511718983319, -0.977198085742333, 0.9099461475126649, 1.175134640956331, -0.654324313869704, -1.317466910875998, 0.3677415719568443, 1.397460106254743, -0.06375826455216287, -1.411329159150208, -0.2432419165012697, 1.358417822399655, 0.5387325288216506, -1.241229721512397, -0.8087317325953831
0.6107881573005558, -0.8866239775686638, -1.376640557370787, -0.3024973428219627, 1.115347921624168, 1.265918031073157, -0.02186704707329115, -1.284806456050624, -1.087929363678408, 0.3450695040173563, 1.385995189246801, 0.8521322060934609, -0.6499362604059383, -1.413537331059201, -0.5710559358001717, 0.9202678390630364, 1.365969395265337, 0.2596358926803609, -1.141699832762743, -1.245818963748293
0.5160295441419074, -1.037627596134067, -1.273265239893021, 0.1084292080049166, 1.35239427141575, 0.8785156466431161, -0.7112746545198947, -1.397586804631011, -0.3086506253399517, 1.1723409920735, 1.164196921619863, -0.3227380427893558, -1.399723393050923, -0.6987464679782996, 0.8897950046729218, 1.348097489433121, 0.09401416169327351, -1.279488212457931, -1.027753925723939, 0.5294580842056841
0.9443852832112962, -0.1529280155855156, -1.148630202298796, -1.381139380971978, -0.6959677285325179, 0.4516309984993933, 1.299149142956441, 1.283463847070973, 0.4149970100102512, -0.729209413005552, -1.388901738891519, -1.125755631785455, -0.1146152396423653, 0.9726798185845772, 1.413689906139687, 0.9153913722225478, -0.1911275388902335, -1.170654141222511, -1.37235420405919, -0.6622106369823719
-0.05322465333629094, -1.410207288076001, 0.1593724036296865, 1.39821116364296, -0.2646171933217754, -1.37829315584541, 0.3683627341191025, 1.350566114686792, -0.4700212320638157, -1.315187134025181, 0.5690167178140377, 1.272356661522306, -0.6647883099291807, -1.222317362961732, 0.7567933926712725, 1.165352747370673, -0.8445106903179188, -1.101785560735101, 0.9274432205683735, 1.03197595740898
0.6407674738470135, -0.8335615781687974, -1.396126015088665, -0.4315827588142352, 1.005033465166753, 1.342326046448912, 0.2113583058452742, -1.150796943184194, -1.254189841073422, 0.01427261960089679, 1.267123432788521, 1.133971892660477, -0.239538456366302, -1.351037342545557, -0.984747334816787, 0.4586769821353474, 1.400392183620888, 0.8103332802017189, -0.6660827090918386, -1.413925476223037
0.7536712859944513, -0.6109113986187414, -1.404812516252554, -0.8864110481106184, 0.4600293910954326, 1.376734365616282, 1.007365898291615, -0.3030312528298402, -1.330352411917657, -1.114927731290387, 0.1420042877171355, 1.266283307262815, 1.207666503187491, 0.02091063674436996, -1.185378855967296, -1.284349243949317, -0.1835475524727219, 1.088714689743627, 1.343956449871853, 0.3437441875362315
0.1741992842104968, -1.371298699403561, -0.5120255619814983, 1.245158647055338, 0.8187766083815564, -1.043448943650956, -1.075835462758803, 0.7784115086734945, 1.267601022416704, -0.4661316711092885, -1.382434885724909, 0.1255619382652664, 1.413367695806561, 0.2226282467059477, -1.35852211625189, -0.5573069494587266, 1.221226768131572, 0.8581622580589924, -1.00981421338349, -1.106935028787917
-0.835498551095524, -0.4270107134464356, 1.340043044061773, -1.156348478556384, 0.02626753886628328, 1.125311453813392, -1.355905599492159, 0.4767905114612664, 0.7925426222151984, -1.413237778210859, 0.877301519382877, 0.37664165465463, -1.322331273189107, 1.185789780331613, -0.07876636825688237, -1.092721536178649, 1.369897049674124, -0.5259123542108268, -0.7484930105146359, 1.410311772274285
-0.5881462665228524, -0.9250144201384357, 1.357540355448572, -0.2041393554361516, -1.187744501491856, 1.192062979875538, 0.1962289203551252, -1.355279215331537, 0.9310441193061587, 0.5808698371339444, -1.414190986421179, 0.5954039180380523, 0.9189551878342376, -1.359758153079573, 0.2120432729156006, 1.183388101731282, -1.196343399005329, -0.1883122202306956, 1.35297480492038, -0.9370440928258921
0.1296868936294118, -1.390428342337411, -0.3846983534678371, 1.319872754733123, 0.6267695683134998, -1.204920104725117, -0.8477578965419651, 1.049437098370909, 1.040229869613428, -0.8586537767567095, -1.197711234484349, 0.6389875911140285, 1.314904730522193, -0.3978275365690904, -1.387868275478321, 0.1432856057003694, 1.41414756680955, 0.116076077644511, -1.39285863798731, -0.3715332657687105
0.7704308442994369, -0.574787747714771, -1.396692989631678, -0.9469843351711873, 0.3649026571163961, 1.344565393208198, 1.100073607666318, -0.1459760699327153, -1.259122381908105, -1.225905441572486, -0.07656748772814227, 1.142481048276059, 1.321361996900321, 0.297213869072686, -0.9975315116333959, -1.384078067197609, -0.5104959352227064, 0.827865307188311, 1.412499684236444, 0.7111290190616529
0.6393642717402606, -0.8361019067445111, -1.395365629568163, -0.4255843806690929, 1.010553243588883, 1.339324222843663, 0.2004605369968488, -1.158068281506793, -1.24758312601887, 0.03000658272914374, 1.274715006838679, 1.122587698231062, -0.2596738769266148, -1.357384200864733, -0.9676696928823431, 0.482419563364506, 1.403872316036692, 0.7869584497453872, -0.6923063552817998, -1.412940211542588
-0.2809579759680139, -1.302579242974286, 0.7985177524842194, 0.9853005271118421, -1.1900117236678, -0.5124677186088975, 1.393632869441137, -0.04127081234344342, -1.377234548549472, 0.5884937233504273, 1.143405642107696, -1.042808324007939, -0.7290618345936024, 1.332489801901878, 0.1996175587062222, -1.411804760765183, 0.3613412930544568, 1.268231369827129, -0.8652534718174058, -0.9244362449477055
0.8751872734149138, -0.3309927760271659, -1.284857598857353, -1.25927767334325, -0.2737525329196197, 0.9204536947719835, 1.412999646460809, 0.828418386255372, -0.3876647918055992, -1.308231762631117, -1.231535900076688, -0.2160423288887992, 0.9641399398157509, 1.409359982697518, 0.7802273231418431, -0.4436712893455901, -1.329360037388018, -1.201679904368151, -0.157961237139547, 1.006171010781497
1.045048270014866, 0.1302856783617221, -0.8524962730574065, -1.390208195096472, -1.202122220076196, -0.3864340035951989, 0.6310031222584361, 1.319007044662087, 1.318385664324111, 0.6294633905985656, -0.3880882256842478, -1.203027298702944, -1.389891608111872, -0.8511233037395102, 0.1319982321640949, 1.046206320673152, 1.414212516463492, 1.043888673584355, 0.1285729318486515, -0.8538679814143528
0.3863380467316597, -1.203132166573191, -1.043686757790463, 0.6328987674140746, 1.38948017978442, 0.1262638837055848, -1.32049407542022, -0.8477349760383678, 0.8573217745702727, 1.316145163326076, -0.1382267734426086, -1.391667366023987, -0.6221308786049347, 1.051757136272885, 1.196773646111578, -0.3978824951008413, -1.414162518734231, -0.374765709929979, 1.209403837006702, 1.035541039102899
-0.9182678356625557, -0.2217263165324434, 1.206207578582322, -1.344687204047767, 0.5400392986319938, 0.6433776831641049, -1.375546817936678, 1.142944316519838, -0.1087113333602796, -1.001768862609998, 1.409635252884025, -0.8288212931899096, -0.3333056866883423, 1.261660999543377, -1.305121134005524, 0.433204317671768, 0.7425503854679281, -1.39750016870271, 1.07228082446518, 0.005007523883431919
-0.1044694847194096, -1.398779014822547, 0.3111281207313912, 1.352812273561793, -0.5109955310027815, -1.277316688965358, 0.699709060373543, 1.173940159513801, -0.8731495177681582, -1.044939161883465, 1.02753108885409, 0.893129497145657, -1.159483971837262, -0.7218248281747407, 1.266127932641245, 0.534764349855005, -1.345135173926525, -0.3360311708827288, 1.394781145660625, 0.129963188704696
0.2517126568752808, -1.324610035272289, -0.7232413144601456, 1.067153880603188, 1.103121900714244, -0.6744695620902842, -1.343216508731394, 0.1963174566838455, 1.413100704340391, 0.3067117069242052, -1.303918865474279, -0.770874815963525, 1.029506353521251, 1.137353806703751, -0.6246363167607203, -1.359709002631579, 0.140613288364199, 1.409763881679308, 0.3612280482849166, -1.281175563491931
-0.4376704902278614, -1.143313235699859, 1.145335128251954, 0.4343971279854615, -1.414209376127133, 0.4409412613533715, 1.141284574452365, -1.14735024013855, -0.4311211940052831, 1.414196817414032, -0.4442094219982227, -1.139249156519648, 1.149358559429692, 0.4278427076816592, -1.414175886308141, 0.447474952814112, 1.137206993951878, -1.151360074235628, -0.4245616884240454, 1.414146582933379
0.6965531599005209, -0.7280565101761943, -1.413743372527804, -0.6645866373979579, 0.7590757401082503, 1.41233311564413, 0.6321781987710762, -0.7895902234952251, -1.409983729470775, -0.5993493939740695, 0.8195796697662983, 1.406696776229387, 0.5661220524831349, -0.8490241374734808, -1.402474441575764, -0.5325182687809927, 0.8779040475516462, 1.397319533146505, 0.4985603876651671, -0.9062001963376255
-1.227290533978775, 0.715934379733166, -0.01532162952227642, -0.6893413793856574, 1.211777627554478, -1.413881572442488, 1.242227221775204, -0.7421912455513919, 0.04595769499032992, 0.6624247300465173, -1.195695785884214, 1.412885758521487, -1.256580678099208, 0.7680996491194081, -0.07657218310631315, -0.6351970692081076, 1.179052559467612, -1.411226588149372, 1.270344163936114, -0.793647426320956
-1.327551511726679, 1.078186543492726, -0.6966804908787598, 0.2297902196555575, 0.2652628300668478, -0.7278056261394557, 1.101149549126158, -1.339538072822926, 1.413754622217617, -1.314703317404153, 1.054523752320428, -0.6651031825357103, 0.1941684663397721, 0.3005632744521374, -0.7584583868789371, 1.12339786532551, -1.350655220942568, 1.412378099621423, -1.301001828839583, 1.030176533692877
-0.3506064781309059, -1.2403714980938, 0.965622900107339, 0.7615843428623342, -1.343241120374639, -0.09556182543590279, 1.390623773110087, -0.5939545481407933, -1.096121842377592, 1.137447311869473, 0.5321385704242025, -1.401298875760533, 0.162670865308799, 1.320641384278525, -0.8174877005240442, -0.9153044659772797, 1.271325343963533, 0.2849401231864186, -1.41260789947932, 0.4154766933306834
-0.02538468868570988, -1.413302268015842, 0.07612135116289452, 1.41056955938821, -0.1267599111191767, -1.406018958308994, 0.1772351073589705, 1.399656329432863, -0.227481889224102, -1.391489872692197, 0.2774355004288147, 1.381530112729307, -0.3270315625153947, -1.369789885332642, 0.3762061578228403, 1.356284320894475, -0.424895911861755, -1.34103082491139, 0.4730380749890682, 1.324049055552685
-0.1037138704695975, -1.399001479539248, 0.3089104010307011, 1.353692490611935, -0.5074613007850529, -1.279261333934808, 0.695095117649097, 1.177309256944489, -0.8677752602048014, -1.050029568320123, 1.021786837431169, 0.9001604530401789, -1.153816577652023, -0.7309260654424916, 1.261024107393072, 0.5459671675604201, -1.341103056716678, -0.3492628049218709, 1.392330676467022, 0.1450447048102709
0.1884677003615765, -1.363980591873255, -0.5520143277278259, 1.216850238040517, 0.876345775466311, -0.9832746630098701, -1.138421489477013, 0.6798471102378504, 1.319623572207696, -0.3281231180289579, -1.407079400854421, -0.04691078909915784, 1.394576100392743, 0.4186121468194062, -1.283001907139936, -0.7605752356083835, 1.080283068315426, 1.048506946973548, -0.8008207602639478, -1.2619525694798
1.263649724740069, 0.8440176826393685, 0.2446694439055723, -0.4067761179003421, -0.9716070763704389, -1.329554302451122, -1.404400300478768, -1.180208155415444, -0.7047149709433856, -0.07916723560895955, 0.5632375333803853, 1.085712460398186, 1.377007261651616, 1.375096703716, 1.080387600586708, 0.5556321910105855, -0.08743365938837737, -0.7118823113018109, -1.18475027471893, -1.405350047893079
-1.013243947644392, 0.03770759685439662, 0.9592110981378166, -1.412202744631894, 1.064395409275336, -0.1130155605001354, -0.9024505153595327, 1.406176009622421, -1.112520022303538, 0.188002138889599, 0.8431236108387304, -1.396150495726036, 1.157480933529115, -0.2624540907610867, -0.7813990940197512, 1.382154712754475, -1.199150286452368, 0.3361596951840776, 0.7174524924986849, -1.364228460875759
0.4165199634995659, -1.168863235365115, -1.105036726573601, 0.5179433612185697, 1.410130321557365, 0.312691340203918, -1.225940056276899, -1.034829100835006, 0.6163758563906995, 1.397904178088629, 0.2070570574562395, -1.275937594952091, -0.9586457773174324, 0.711249043235416, 1.377605732743687, 0.1002271082962359, -1.31856713687679, -0.8769266823012455, 0.8020150694634393, 1.349352200408227
0.1576562945165206, -1.379062566990232, -0.4651316292223861, 1.275356972479341, 0.7494847988094501, -1.108252089142654, -0.996580318769297, 0.8860548702422608, 1.194134820150691, -0.6198109649268574, -1.332327668290411, 0.3227556278078566, 1.404289156524412, -0.009655781026777057, -1.406442006274758, -0.3039240644239761, 1.338679197196502, 0.6023955363312341, -1.204369287267608, -0.8709213150566147
0.224119436372877, -1.343178291468453, -0.6498434849063275, 1.137208614125804, 1.010284878508259, -0.8169960471251529, -1.269234019532338, 0.4147088386705323, 1.40067712495091, 0.0292396230562995, -1.3914095461163, -0.4702507002180069, 1.242362295133984, 0.8640208418211084, -0.968508516276955, -1.170992276073354, 0.5973592982335864, 1.360326946301736, -0.1661999364517696, -1.413004472629903
0.5714484583886846, -0.9523973992656823, -1.341128569036902, -0.1314358684497545, 1.234908650912859, 1.129427492332698, -0.3221616422187836, -1.389782475053932, -0.8009912874313977, 0.7424612379172109, 1.401011455685466, 0.3897663942275463, -1.086021681808179, -1.267434990199111, 0.06174389162518941, 1.317333326098151, 1.002859246700852, -0.5068724653687579, -1.412488310713793, -0.6346301890040201
0.7240512752418355, -0.6728117499062146, -1.412985702797221, -0.7740335176388917, 0.6204039167960644, 1.409304256193316, 0.822671685149428, -0.5669187797900729, -1.40317561523019, -0.8698813197519427, 0.5124492134573821, 1.394610422021161, 0.9155804440089899, -0.4570898017850171, -1.383623549644498, -0.9596897034173786, 0.4009366739369789, 1.37023407631698, 1.002132504203727, -0.3440873373302156
0.6757269089615383, -0.7684739546599372, -1.410097648736432, -0.5790466049869449, 0.8567478818512586, 1.397773865657869, 0.4789957976016374, -0.9400348673473288, -1.377313947178399, -0.3761568606329216, 1.017850115854874, 1.348836986000448, 0.2711283969994981, -1.089740681862706, -1.312508740275348, -0.1645217543750281, 1.155288106138282, 1.268540668761454, 0.05695746666727668, -1.214110851487218
0.2367817372004241, -1.334924843097103, -0.6837945954990443, 1.105949423092171, 1.054132757461156, -0.7529625868852122, -1.306269767193171, 0.3155451657011361, 1.411933203731759, 0.1572547079326123, -1.359274901028526, -0.6124214252682774, 1.15419949681525, 0.9989166042187267, -0.8197023385948673, -1.273402083475554, 0.3932909881422204, 1.405099481768528, 0.07722054573712517, -1.379241414141855
0.1236129794205542, -1.392604140588756, -0.3670612839081916, 1.328436266455676, 0.5992920717269012, -1.223670931855195, -0.8132082916549914, 1.08150980075659, 1.002272591844164, -0.906297365286066, -1.160707103497437, 0.7033881765817002, 1.283670014488832, -0.4789832079042352, -1.367403536775387, 0.2399403508022622, 1.409348745667474, 0.006435164367088418, -1.408223781430613, -0.252614018742398
1.14110705021645, 0.4272696968719645, -0.4515924303364054, -1.156035591630515, -1.41398204725117, -1.125804896860185, -0.4028070702561661, 0.4757673070989284, 1.170585633321388, 1.413287577686182, 1.110134141667685, 0.3782125598422426, -0.4997864120190064, -1.184752411433361, -1.41213038105568, -1.094099915429509, -0.3534942181637402, 0.5236418809576533, 1.198531287595752, 1.410510836239525
-0.05350328168978447, -1.410165233000871, 0.1602035279577971, 1.398043422388844, -0.2659865766185717, -1.377917530355049, 0.3702467983182818, 1.34990278170291, -0.4723872821955252, -1.314159566535934, 0.5718232533167626, 1.270892521991915, -0.667985420631117, -1.22034936065393, 0.760323236276797, 1.162819452345676, -0.8483080475790128, -1.098632167430704, 0.9314361236934343, 1.028154991100437
-0.5522666766131493, -0.9828805724878394, 1.31991903367955, -0.04800658278091334, -1.282424787218669, 1.049609868291949, 0.4626553137464093, -1.410954320556133, 0.6393324965796905, 0.9116209206637302, -1.351329424881181, 0.143798473329895, 1.239019506378229, -1.111501235136457, -0.3709114504065863, 1.401191617811158, -0.7234514642981208, -0.8361593673660396, 1.376511182038782, -0.2389275587552904
-0.1963449073003472, -1.359693759072536, 0.5738960101676895, 1.2003379702236, -0.9071982125552287, -0.9484329486817347, 1.170553032992712, 0.623401237958456, -1.34365511818624, -0.2503036427392211, 1.413157839469867, -0.1420930254498058, -1.373702353180861, 0.5235339455057123, 1.228330781681558, -0.8646090134872769, -0.9882516576780511, 1.139020439425819, 0.6719757166992614, -1.325610376495862
0.07922340836444411, -1.405337465297138, -0.2366757576634615, 1.378820593025212, 0.3911571879210548, -1.334995803816774, -0.5407285405718124, 1.274413216965964, 0.6835122917661078, -1.197833307320864, -0.8177161203578452, 1.106217359273254, 0.9416554063684822, -1.00071540004705, -1.05377437751098, 0.8826517637551555, 1.152665638327668, -0.7535084674348188, -1.237087836798862, 0.614906607736986
0.9341744678345565, -0.1800549323432872, -1.172049036539057, -1.368365071701369, -0.6357284401738766, 0.5284901149230272, 1.333928464554346, 1.23379239552524, 0.2960620618751316, -0.8426582324019518, -1.409316561428328, -1.019221166595647, 0.06280084945552308, 1.102188763117949, 1.393325196332323, 0.7385640884104798, -0.4175917815080153, -1.290253862347775, -1.286991242300136, -0.4100188416786379
0.8384620034622341, -0.4199952208798682, -1.33647735802096, -1.164751967243246, -0.04464398598960703, 1.111814720802796, 1.362994231081064, 0.5043752297192601, -0.7649240712991182, -1.411394913849182, -0.9086576827276331, 0.3339410392834327, 1.304633057714143, 1.213046313204527, 0.1337539994078819, -1.054445590798173, -1.384077976104846, -0.5867447126599196, 0.6883370210086731, 1.402950203892365
0.7228481571671943, -0.6752735999487196, -1.413154473403488, -0.7693400483296714, 0.6266876327986748, 1.409978792774811, 0.8146796389051069, -0.5771630267090181, -1.404691276951593, -0.8587990202529068, 0.5267739585444411, 1.39729984545863, 0.9016321113349931, -0.4755958999419121, -1.387815569019284, -0.9431147576905355, 0.4237055042708924, 1.376252652974008, 0.9831848275250789, -0.3711804918236314
0.7546704096878042, -0.6087801506008689, -1.4044002353484, -0.8900872470466947, 0.4544411552509823, 1.375096445002301, 1.013151328827252, -0.2937953618493578, -1.326708873444742, -1.122154754452592, 0.1290722352345925, 1.259909050176302, 1.21558475910284, 0.03744217395285091, -1.175624032507652, -1.292144708077348, -0.2034369554018949, 1.075023539728258, 1.350772091672815, 0.366608410268047
0.7310664513488437, -0.6583755892299816, -1.411750498623009, -0.8012107910426202, 0.5833914086323269, 1.404369886958179, 0.868564274661896, -0.5063751018142139, -1.39209743624964, -0.9328922899410872, 0.427594939535495, 1.374975895102369, 0.9939707632229079, -0.3473253365905169, -1.353064902949145, -1.051586939973743, 0.2658458959395436, 1.326440782308629, 1.105540125871109, -0.1834404347683019
1.171551354306108, 0.5268406210888739, -0.2986692669579635, -1.021682975177263, -1.394079416956351, -1.28806100182839, -0.7400107251134683, 0.06199360964054842, 0.8427232138988766, 1.33425027999054, 1.367894424194224, 0.9321097774301694, 0.1764472525718273, -0.6397677674055452, -1.236429725215693, -1.408778446010874, -1.097667953174231, -0.4098639589760761, 0.4185955853291176, 1.103403093300271
-0.3843793519837826, -1.205267063538014, 1.039555889921575, 0.6401702069522733, -1.3875488887933, 0.1140937273084277, 1.325528166980057, -0.8346435387599301, -0.8718205359661861, 1.308560380709193, 0.1604943196843586, -1.39580420899469, 0.5982571611730664, 1.070594910979638, -1.180226658663885, -0.4290301992256905, 1.413445112152792, -0.339310779434223, -1.228997641148225, 1.007387128668848
-0.3571112514647168, -1.233861104560854, 0.9802500685525416, 0.7388038684503996, -1.353369349924122, -0.05530961396963258, 1.381302451385237, -0.6422917387393953, -1.056924842897614, 1.176072156907582, 0.4629712690663439, -1.409887266149014, 0.2490663176667096, 1.284100911434081, -0.8975778235523024, -0.830795769432936, 1.317155919573304, 0.1655904407219294, -1.400784320672176, 0.5418498711189302
-0.4671167233912394, -1.105634944437025, 1.197502269469077, 0.3145615857155575, -1.405302535473652, 0.613785211697878, 0.9998343026938684, -1.274278557023766, -0.1580423130231831, 1.378681752383713, -0.7527187203982613, -0.8814336539880557, 1.334996265024224, -0.0004686239270822357, -1.334686690743303, 0.8821663962037535, 0.7519250945539953, -1.378890223140222, 0.1589736552340493, 1.273871780502961
-0.6635546475330568, -0.791528584689988, 1.406331389321566, -0.52818401626972, -0.9106792925331085, 1.382772733349269, -0.3869256776189599, -1.019678589063014, 1.343800204585504, -0.2413542490216526, -1.117311450834017, 1.289848232771496, -0.09309242626022776, -1.202489556912886, 1.221518224639049, 0.05620710485458333, -1.274263420475029, 1.139571859983982, 0.2048800910981192, -1.331832972806329
-1.228757300955749, 0.7210290131803299, -0.02419301393101392, -0.6789882022437235, 1.204087950548352, -1.413385820455412, 1.251988263340682, -0.7622257847809343, 0.07255072135788333, 0.6361525651060876, -1.178009090154967, 1.410903563660234, -1.273753643449238, 0.8025302919462571, -0.1208235006312903, -0.5925722453290206, 1.150551247789858, -1.406769697726914, 1.294027962643743, -0.8418953540651898
0.4895296494864269, -1.075312445735263, -1.233967885202204, 0.2210371334452238, 1.38699177542336, 0.739176536863828, -0.8752602510949598, -1.345118744360323, -0.05596474202331962, 1.306374383147577, 0.9603670344283863, -0.6415127946995682, -1.404486001868309, -0.3308121192964147, 1.175464947179378, 1.144585878629796, -0.3830687506211436, -1.409784171462035, -0.5929240833738353, 0.9993031430959981
0.7700170364589026, -0.5756892373171231, -1.396924502536885, -0.9455175934182498, 0.3672855928633582, 1.345480047852811, 1.097899845358139, -0.1499016603386211, -1.261138036993813, -1.223437981776026, -0.07114743117496587, 1.145960667793718, 1.319062542146283, 0.290456937907998, -1.002764075638098, -1.382435465528133, -0.5026646496746338, 0.8350494777631502, 1.412007257144412, 0.7025819981793244
0.2492252857676052, -1.32637217162626, -0.7167154757966901, 1.073760226695172, 1.095170620711207, -0.6877588218535616, -1.337576567699892, 0.216319555266876, 1.413820077750866, 0.2819923295522266, -1.314429687520135, -0.7452732981549105, 1.051752315941344, 1.115971583719886, -0.6584194498720777, -1.348036640816301, 0.18329344914432, 1.412639842847072, 0.31460245270164, -1.301755761031048
0.6548557898397735, -0.807747725958582, -1.402915756378744, -0.4915008884875214, 0.9477338643350119, 1.369202849209168, 0.3202930265472445, -1.072577574978581, -1.31361348919138, -0.1439676794243166, 1.180284166196332, 1.237035855906658, -0.03465791280284593, -1.26913275480023, -1.140693469291984, 0.2127297578655931, 1.337703761536296, 1.02612564083745, -0.3874027109964089, -1.384901592426996
-0.1962747950337969, -1.359732688775879, 0.5737018851013026, 1.200487688014028, -0.9069266273533318, -0.9487480036685229, 1.170274858360661, 0.6239095718088987, -1.34345623150621, -0.2510004108568819, 1.413127539298881, -0.1412477269237831, -1.37392077535803, 0.522613067705218, 1.228856726369986, -0.8637123309444169, -0.9891122277529403, 1.138264640345072, 0.6731590154204974, -1.325116402048023
0.1468532320492814, -1.383714814041009, -0.434225660207036, 1.293534033235693, 0.7028691785560558, -1.147560874265876, -0.9411967237628153, 0.9520914139860147, 1.138928813272123, -0.7155565910241924, -1.287536917312276, 0.4481585646995202, 1.380611309253835, -0.1614306781029562, -1.414137528294679, -0.1322599950988712, 1.386669530153721, 0.4202460641132643, -1.299392057481963, -0.6901061876722393
0.2007816131085379, -1.357202008764714, -0.586156518121698, 1.190763990669241, 0.9242716674021799, -0.9283188250039877, -1.187866015699273, 0.5910265501530821, 1.355686870041219, -0.2060818658718962, -1.414203420247036, -0.1954784805079529, 1.358697680960344, 0.581278078769873, -1.193644886353843, -0.9202112528496361, 0.932352667606143, 1.184951003009976, -0.5958881050125076, -1.354152286521693
1.028884992788201, 0.08287903601551762, -0.9082907648131444, -1.404499421887361, -1.13534453328814, -0.2474985266885498, 0.7752185570957867, 1.375490452021753, 1.226206859068169, 0.408717914969365, -0.6314964982227916, -1.327585174210541, -1.300223715379538, -0.5643223899857546, 0.4790990230432392, 1.261441704895327, 1.356378268330042, 0.7121742778096321, -0.3201197481408611, -1.177968714407432
0.1811398540927026, -1.367810886548566, -0.5315325684717948, 1.231647955488937, 0.8470443651151137, -1.014660229180428, -1.106970320794673, 0.7310871568684544, 1.294253238237468, -0.3995377375007825, -1.396602995588088, 0.04176933592818426, 1.407303064682155, 0.318740107034557, -1.325651271745239, -0.6583327744090602, 1.157005876348529, 0.9547234769200597, -0.91243394476843, -1.188462080511502
0.2321511781713158, -1.337995696896125, -0.671430344609743, 1.117557497591114, 1.038337149413131, -0.7766596318249107, -1.293323317504604, 0.3520469143350497, 1.40890431334418, 0.1105123553196005, -1.372621853364257, -0.5611596817495534, 1.18838676366282, 0.9513205381404027, -0.8760574385539963, -1.238940133818416, 0.4692993372287171, 1.393016430286461, -0.0119562398250314, -1.396941799460863
-1.261690390120196, 0.8370201732876723, -0.2318044215144688, -0.4234116225092298, 0.9872976361158997, -1.338223215139412, 1.400493593299153, -1.160677028930345, 0.6705020362114881, -0.03569952713166971, -0.6068033820446052, 1.118418596143299, -1.38879054016026, 1.359599894175451, -1.037143090416886, 0.4909741706959857, 0.1610980439744012, -0.7784213559833416, 1.227838917796023, -1.412411209077478
-0.1827586599730673, -1.36697780013206, 0.5360674354112686, 1.228425931082574, -0.8535661258694349, -1.007813421751899, 1.11404535667695, 0.7198775088847547, -1.300104736064826, -0.3838527305773884, 1.399315226663725, 0.02218603113513552, -1.405049423291813, 0.3409627274807113, 1.316924273267695, -0.6813346795988072, -1.140826664887087, 0.9761924833755543, 0.8885201747158002, -1.205839208326496
0.3768666996922276, -1.213354918225201, -1.023548467924666, 0.6678342934130356, 1.379484109890264, 0.06738934975417668, -1.34356760829252, -0.7834705751398489, 0.9260012974964837, 1.277001484732631, -0.2453978188455011, -1.407791159730215, -0.5049126326157847, 1.13868787497947, 1.111799106965491, -0.5461323072620272, -1.402871241626352, -0.2015559754577279, 1.29544795380759, 0.8919908686930619
-0.9827827972736022, -0.04827838495027462, 1.04988322322294, -1.410917309932275, 0.9111010262141619, 0.1446101000946454, -1.11208950838732, 1.401043918436365, -0.8351720621403201, -0.2402677000868413, 1.169111671642587, -1.384639413735612, 0.7553498558835715, 0.3348052669893612, -1.220683898192712, 1.36178026714962, -0.6720065070322705, -0.4277821040164565, 1.26656577869335, -1.332573038988282
-1.069012695400412, 0.2019329282737919, 0.7637280203166442, -1.356546306724941, 1.287115306845457, -0.5893303841379531, -0.3961584115212282, 1.188247524481612, -1.400248754617713, 0.9286656988552279, -0.003719427094896312, -0.9230426234020535, 1.399186574442445, -1.192264782931792, 0.4032939322416598, 0.5825600749372598, -1.284015391165206, 1.358630125419498, -0.7699782786306468, -0.1945675298699128
1.06990544822775, 0.2046334047378474, -0.7602798012341923, -1.354993609391826, -1.289926876984098, -0.5967622360051622, 0.3869809788736176, 1.182293401415048, 1.401917367504938, 0.938912432506848, 0.01872736915305983, -0.9105765222583169, -1.396497754210971, -1.202429031387986, -0.4228673063679427, 0.5625991683491034, 1.274121927876525, 1.365242606911575, 0.7915922501664063, -0.1675043249978764
0.9064780008295893, -0.2521509321587925, -1.229723766493261, -1.324297733137433, -0.4679643247214638, 0.724389237250488, 1.396597630292973, 1.065983958926408, -0.03005578157451761, -1.104514072793116, -1.385879880806738, -0.6721194671024858, 0.524253989119841, 1.344188694308663, 1.198933389043907, 0.1927881393806809, -0.9517879623288543, -1.412936032542962, -0.8595303055152478, 0.3110581638447191
0.09862147777402415, -1.40045864425166, -0.2939460097007907, 1.359461455943235, 0.4835525886915499, -1.292019490815716, -0.6637529132921306, 1.199444656395602, 0.8310416561937264, -1.083537754628844, -0.9821646512329343, 0.9465534519759097, 1.114182194706808, -0.7911564207565154, -1.22452622964095, 0.6203695048997645, 1.3110503006398, -0.4375149183998152, -1.372071307577916, 0.2461496203077674
-1.182544193912181, 0.5634379151149762, 0.2402675068874245, -0.9652540945309125, 1.373994519029074, -1.332573170282627, 0.8545609232431426, -0.09656891265662168, -0.6930619671973891, 1.255624980476183, -1.406807628030661, 1.097077944656896, -0.4279126550164688, -0.3814496418959804, 1.065837606799625, -1.401025236168624, 1.277195019440405, -0.7349174459230482, -0.04814110311006483, 0.8154271843189949
1.191818277029742, 0.5945789471240065, -0.1896640406775071, -0.9142549510727376, -1.35129948780824, -1.363340838078532, -0.9465918234820905, -0.2321260222728422, 0.555346762227332, 1.168154977052744, 1.413561596590152, 1.214382698086634, 0.6332629190221662, -0.1470271852610382, -0.8810751183625565, -1.338012213934892, -1.374125162393812, -0.9780559203846262, -0.2743739792994992, 0.5156025371462413
-0.6950592908934476, -0.7309964999562523, 1.413601274117821, -0.6585202255737718, -0.7663007345044882, 1.41176493953629, -0.6214109434060795, -0.8009414243771127, 1.408706148722285, -0.5837635775536176, -0.8348885739806362, 1.404427550302209, -0.545610727109722, -0.8681127882624874, 1.398932849141625, -0.5069854288700212, -0.9005852981643904, 1.392226803137185, -0.4679211287257354, -0.9322779855336835
-0.2847255800928166, -1.299565169632249, 0.8080121000877984, 0.9742087736244741, -1.200289710177019, -0.4908967858139237, 1.397955573134843, -0.07200788727786996, -1.368960677283263, 0.6232373950895101, 1.118006177095009, -1.073416866974318, -0.6857811606444163, 1.349555413480063, 0.1423654302426824, -1.406880672959248, 0.4241330483287178, 1.236098081934896, -0.921863734548341, -0.864897870638151
-0.3140502991002601, -1.274733086454787, 0.880202848793472, 0.8838049051854233, -1.272730826468931, -0.3185416276137127, 1.414206054948714, -0.3095556362829422, -1.276721812470234, 0.8765914471986406, 0.8873975781311004, -1.270715053770865, -0.3230295741384102, 1.414183532755277, -0.3050576868820501, -1.278696983400765, 0.8729707387435517, 0.8909808294867247, -1.268685789762246, -0.3275140910253781
-0.287250248639258, -1.297522975408483, 0.8143471556662444, 0.966708126551747, -1.207056088887918, -0.4763618720967032, 1.400570095319064, -0.09259619593654832, -1.362954446574768, 0.6462735387073557, 1.1004166805373, -1.093299325337077, -0.6562821998677406, 1.359902941799629, 0.1038444796386941, -1.402088016797741, 0.465730218490281, 1.212892941005002, -0.9584475960437179, -0.8235397095039919
0.8366390098797856, -0.4243138025686924, -1.338681260222372, -1.159595437019826, -0.03333609854403622, 1.120152624107839, 1.358685264019775, 0.4874250774102991, -0.7819706220376533, -1.41264195325308, -0.8894478914449724, 0.360259451717056, 1.315701915594793, 1.196460943628384, 0.09993420312177101, -1.078220170130747, -1.375669466269551, -0.5494530056946894, 0.7255642333816706, 1.407930618937212
0.7915377472732052, -0.5281635031345173, -1.382765777587807, -1.019709233655971, 0.2412997767564612, 1.289821028356675, 1.202530290122375, 0.05629548784195008, -1.139512928652175, -1.331870154260089, -0.3513870734584321, 0.9385262634272373, 1.401976579987218, 0.6308511112186879, -0.6957996902663638, -1.409731662275849, -0.8822587499950805, 0.4221282025673427, 1.354790502497807, 1.094428915686823
0.5676976535544653, -0.9584399304041742, -1.337177050499762, -0.1151069427877101, 1.244763934027087, 1.1144603408567, -0.3500242181637955, -1.395475786650311, -0.7703275458853399, 0.7770216126800784, 1.39415602273771, 0.3422705845591139, -1.119365548505697, -1.24094842539394, 0.1230754152162021, 1.339758995858613, 0.9525443617588473, -0.5750128309729819, -1.414190952616466, -0.560364323989584
0.7696308601465761, -0.5765300941195349, -1.397139129114151, -0.9441474305397616, 0.3695079163966554, 1.346328123885851, 1.095865771983277, -0.1535632697836048, -1.263007474700588, -1.221122357603873, -0.06608945299376498, 1.149189116532623, 1.316892629769906, 0.284146320683491, -1.00762140933534, -1.380864033767159, -0.4953419369789882, 0.8417227736818081, 1.411491858814893, 0.6945765834912393
-0.5371250647032816, -1.006208233038837, 1.301450449009527, 0.01761404156560182, -1.314830243217885, 0.9811435693813119, 0.5695442168233584, -1.413774796307588, 0.5043726216891045, 1.030648535511833, -1.287263093187905, -0.05283119502688458, 1.327394173531316, -0.9554700973866447, -0.6016099616762495, 1.412458770369324, -0.4713072109638984, -1.054449311374592, 1.272276979133866, 0.08801556626037739
0.009783771335167309, -1.414078190765743, -0.02934944095763048, 1.413672101859818, 0.04890949179506314, -1.412995373398751, -0.0684601791859894, 1.412048134938392, 0.08799776026151521, -1.410830567822205, -0.1075184946618805, 1.409342905146551, 0.1270186452525061, -1.407585431716063, -0.1464944788395025, 1.405558483989123, 0.1659422668842929, -1.403262450013447, -0.1853582862175071, 1.400697769351797
-0.6343304886010336, -0.8451691415380584, 1.392513790990995, -0.4040254312261383, -1.030071150055117, 1.328080401837305, -0.1613215965754131, -1.18336222079276, 1.222890733909767, 0.08633289313593227, -1.300338140358571, 1.080172859412636, 0.3313379894407241, -1.377409138749876, 0.9043065203185837, 0.5661749487507093, -1.412210052614018, 0.700688722360953, 0.783637068394254, -1.403672907643815
0.2573038819285136, -1.3205851466699, -0.7378418907496419, 1.052097291949028, 1.12068183032808, -0.6443006295180768, -1.355131644012232, 0.1511917500594212, 1.41014769709063, 0.3619365160068763, -1.278445282323825, -0.8271405597626548, 0.9774631922209354, 1.182822446137228, -0.5470546384907767, -1.381886131928046, 0.04421026535152692, 1.397973479976029, 0.4644880144575784, -1.228954355270913
-0.2291500478672661, -1.339953569632738, 0.6633849226990641, 1.12497233789313, -1.027951452021532, -0.7918470862293141, 1.28456304526424, 0.3755624583024257, -1.406270484065402, 0.08016354703607724, 1.38029211540982, -0.5274708176384283, -1.209356174295508, 0.9193833725758435, 0.9114142658886937, -1.214742755645037, -0.5177560971247261, 1.382530475401611, 0.0697234476787454, -1.405125551277201
0.0908082157823538, -1.402551770585811, -0.270927014269279, 1.367758724574075, 0.4465776128831154, -1.310408240441808, -0.6148631355609421, 1.231446157519988, 0.773008173017348, -1.132174739334616, -0.9184045555273709, 1.014231196332696, 1.048654367550418, -0.8795606845751446, -1.161609494786719, 0.7303842257093147, 1.255407051445617, -0.5691620772933956, -1.328500103450104, 0.3985531575789758
0.9177230705760752, -0.2231407899492255, -1.207327775793786, -1.343797306350756, -0.5367281759065627, 0.6472012012602041, 1.376702405406058, 1.139560844266552, 0.1022839442279783, -1.006810971312402, -1.408980019935301, -0.821842783224612, 0.3423460933223132, 1.266158855878128, 1.300946297543636, 0.4222826392421782, -0.7528840661420382, -1.399418052663407, -1.063359627851101, 0.01932994042580949
0.8131972713531178, -0.4790085555331227, -1.364073688717823, -1.089723397126899, 0.1108540666598372, 1.217209410448547, 1.288978883013092, 0.2651609166173783, -0.9840346516752003, -1.396834823515008, -0.6223737398655217, 0.6810834822943748, 1.405643316825422, 0.9354549814155603, -0.3298377120703343, -1.31477976599034, -1.182204523388818, -0.0447963520436251, 1.130687168135451, 1.345125728518892
-0.4385105035949319, -1.142272369219199, 1.146887859315328, 0.4310327288478282, -1.414191729143573, 0.4459747385193009, 1.137621609351266, -1.15146793712786, -0.4235416451681104, 1.414126230129149, -0.4534252031488704, -1.132935723312339, 1.156012461238426, 0.4160374838568449, -1.414017067352226, 0.4608616674367829, 1.128214855787816, -1.160521291326434, -0.408520476618887, 1.413864244183406
0.5528691877404063, -0.9819389089751709, -1.320622773846351, -0.05062315903771167, 1.281041786133197, 1.052237838184921, -0.4583232174739867, -1.410589351293324, -0.6445814775936493, 0.9066071417722763, 1.353435030419437, 0.1516100127454343, -1.234894936009329, -1.117143618674889, 0.3614281535104281, 1.399735293616147, 0.7329900240872389, -0.8266286426533116, -1.379310379634958, -0.2518198032109204
-0.3556082475028284, -1.235376038739347, 0.9768862776836583, 0.7440940620148164, -1.351095650879504, -0.06461994381766752, 1.383593408765762, -0.6311974920185959, -1.066160398735419, 1.167375960445978, 0.4790800163714944, -1.408308178278218, 0.2291666255021037, 1.29305890582153, -0.879453716011291, -0.8507763495917098, 1.307314252417812, 0.1933201596543637, -1.404536121887508, 0.5130294924034459
0.5140941220628575, -1.040447147778557, -1.270539650830752, 0.1167154233509775, 1.355396301474278, 0.8687103853004525, -0.72381007611166, -1.394948452193924, -0.2903716838909852, 1.183836948424499, 1.151067172689169, -0.3469663606668393, -1.403325206861952, -0.673305625665651, 0.9138058390435168, 1.337677999199789, 0.05873807497105915, -1.294973134973712, -1.000233892338517, 0.5677642063923506
0.6200331557074957, -0.8705317247707302, -1.383366992709247, -0.3424864852255007, 1.083054533726459, 1.292172923280696, 0.04999930857595488, -1.248330564666173, -1.14460957108437, 0.2446690197697243, 1.359149875983044, 0.9471141862562596, -0.5286639955699134, -1.410678126248613, -0.7083022358071176, 0.7895967250418282, 1.400667465769221, 0.4385915656155026, -1.016084373468867, -1.329554595965467
-0.2113721162538883, -1.351029086253837, 0.6152289094285128, 1.167121591620195, -0.9641110971122488, -0.8789243796538302, 1.226843842855148, 0.5121896992959384, -1.379950309295701, -0.09968762045632151, 1.409749462494048, -0.3217221795955503, -1.313578559094119, 0.7143840621977031, 1.100031079332445, -1.043211197462025, -0.7881888450700489, 1.27882079508263, 0.4059169379720766, -1.400159643026475
-0.7022312730451846, -0.7168241807931659, 1.414112944132082, -0.6875384408199419, -0.7313150875561393, 1.413811103726584, -0.6727477748440042, -0.7457019313406562, 1.413308084107187, -0.6578613797652636, -0.7599826649609895, 1.412603956851409, -0.6428813738534466, -0.7741552563304077, 1.41169882215352, -0.62780988869869, -0.7882176887503821, 1.410592808810277, -0.6126490689082384, -0.802167961197506
0.9732415725255149, -0.0746716661654153, -1.076017520565471, -1.406328108752409, -0.859612311398962, 0.2231822813225555, 1.166794027390584, 1.382759684225368, 0.7363968983733514, -0.3692040311836014, -1.244558779226664, -1.343771117156042, -0.6049693966745193, 0.5111085227437405, 1.308444565688744, 1.289797196950416, 0.4667954484044825, -0.6473132774911874, -1.357738950664526, -1.221439825408663
1.347609327107867, 1.15407024825693, 0.851826277340723, 0.4693465636900143, 0.04265787088557724, -0.3880488782350631, -0.7822042896114858, -1.102681835187595, -1.319294897594291, -1.411640126511772, -1.371019283546508, -1.201258552032493, -0.918348138825875, -0.5489361149415822, -0.1278183641177204, 0.3053389323892257, 0.7097355570576699, 1.047280335193057, 1.286179042197862, 1.403929184659128
1.124969747982528, 0.3755542174694735, -0.5274827140278225, -1.214751509382404, -1.405123132402032, -1.020725589974831, -0.2187976674896675, 0.6726299933776904, 1.288916656966535, 1.377968707323486, 0.9033591783808121, 0.0592282964097579, -0.8091300697676643, -1.346511737736952, -1.333099379249354, -0.7743793534123524, 0.1011025023570902, 0.9352281242390235, 1.386796320315608, 1.271091979707149
-0.05830788854048773, -1.409405505151037, 0.1745271941520062, 1.395014026445625, -0.2895597812103807, -1.371136982839436, 0.4026234718668146, 1.33793672914932, -0.5129494760193363, -1.29563901447538, 0.6197876187931466, 1.244531447192934, -0.7224114414445041, -1.184961539324937, 0.8201231410039124, 1.117334343592366, -0.9122583150710069, -1.042109699209751, 0.9981904794981646, 0.9597991051533776
-0.7293312898145297, -0.6619592431457502, 1.412096045369563, -0.7945192654936371, -0.5926048792509172, 1.405749835520416, -0.8573279568848836, -0.5214758881829638, 1.395193937320619, -0.9175692757454064, -0.4487852743311085, 1.380459961687392, -0.975062822140719, -0.3747507185533304, 1.361592031297485, -1.029636424674186, -0.2995939263047219, 1.338646648456465, -1.081126656075154, -0.2235399637135563
0.03650796460854872, -1.412328654017921, -0.1094265758966535, 1.406678953482782, 0.1820534928145833, -1.39727952096513, -0.2541951164800288, 1.384155412184068, 0.3256591416389322, -1.367341611590253, -0.39625506928648, 1.346882939109143, 0.4657947144732183, -1.322833930666171, -0.5340927079427672, 1.295258692812364, 0.6009669902636835, -1.264230731837876, -0.6662392971386543, 1.229832757828989
-0.3130590277412748, -1.275612211830458, 0.8778137853472366, 0.886975675609496, -1.270506586525752, -0.3244813433543133, 1.414164965392133, -0.30161519667397, -1.280630168760284, 0.8685915660074613, 0.8960766071295009, -1.265313643737973, -0.3358813584972006, 1.414019177789149, -0.2901506366469625, -1.285560112448567, 0.8593096514011161, 0.9051159544319879, -1.260033740359951, -0.3472582896866973
-0.2809515923809184, -1.302584315756452, 0.798501625076244, 0.985319216548279, -1.189994126998278, -0.5125041427865917, 1.393625118594898, -0.04121872717975877, -1.377247865052462, 0.588434495836949, 1.143447803992607, -1.042755526102157, -0.7291343886541147, 1.332459249786315, 0.1997142812949915, -1.411810836907122, 0.3612342392440208, 1.268283243284254, -0.8651555793743158, -0.9245348248705962
1.086856143253549, 0.2563350839654311, -0.6928571488276369, -1.321288876852041, -1.338025556623843, -0.7353188869804741, 0.2078060893122272, 1.054726550410739, 1.413357872434748, 1.117670500701995, 0.3045538802751458, -0.6495569646200628, -1.30295326799675, -1.353143053782047, -0.7768907949268903, 0.1590256226261116, 1.021320603103642, 1.410791838114331, 1.147132333429586, 0.352404127310592
0.176130495827209, -1.370341897745183, -0.5174636640619267, 1.241448873171364, 0.8266913668551155, -1.035531514981229, -1.084627910572446, 0.7653657397971882, 1.275269905284237, -0.4477136868012884, -1.386789177539859, 0.102283729195686, 1.412266636415394, 0.2494923101949552, -1.350121560920606, -0.5857888728625066, 1.204209674098929, 0.885740807453002, -0.9835839189204688, -1.130737925195858
-0.4660666149060061, -1.107020794167076, 1.195723645350877, 0.3188981420032707, -1.405915064097954, 0.6077654004817321, 1.005326114315579, -1.27039366461665, -0.1679871287208228, 1.381116959193623, -0.742331543206649, -0.8918330791837091, 1.3301545359078, 0.01510464389400792, -1.340110274469984, 0.8681857951750624, 0.7678736258725317, -1.37430491467421, 0.1379551067498363, 1.283376258179071
0.361370877364047, -1.229532953331659, -0.9897305734030112, 0.7237256054449606, 1.359594593900185, -0.02889718019258551, -1.374362659540877, -0.6734785476448282, 1.030177679105696, 1.1999566152354, -0.4169331361545358, -1.413032627547832, -0.3052050952228108, 1.257055855762996, 0.9476305245623795, -0.7727639734203818, -1.342555877423021, 0.08664327956916591, 1.386835410286597, 0.6221067173320552
-0.2221316659527756, -1.344432762171806, 0.6444739446134122, 1.14197667662853, -1.003216341671243, -0.8268246752398015, 1.262956380161167, 0.430077518777622, -1.398061626322999, 0.009111817857863587, 1.395199225148979, -0.4474019551668464, -1.254651652567401, 0.8415402510937176, 0.9902888393186277, -1.152631186020353, -0.6281994174774298, 1.349974765331906, 0.2041161649958327, -1.414096146974341
0.948580655340535, -0.141696760630115, -1.138666240197464, -1.385819022103835, -0.7204039188593623, 0.4194003147131327, 1.283027607339666, 1.301775610863485, 0.4632986829938968, -0.6802624532675388, -1.375867789800191, -1.165458171162853, -0.1875892511838085, 0.9138080108798724, 1.413458702416205, 0.9823406584694387, -0.09565300408171448, -1.110658745229782, -1.394290846607816, -0.759776329358515
0.8223291077644698, -0.4578867677947973, -1.354828055923357, -1.117709133763671, 0.05498936230234861, 1.181658956395478, 1.319219712123473, 0.3525262581705776, -0.9092496608413894, -1.409937221024275, -0.7304353878909178, 0.5604781339596483, 1.382242860373547, 1.046999786387035, -0.1646355299439163, -1.238462507502412, -1.27563317612797, -0.2450337896195454, 0.9906713811754915, 1.39713405883605
1.414213562373095, 1.414213562373095, 1.414213562373095, 1.414213562373095, 1.414213562373095, 1.414213562373095, 1.414213562373095, 1.414213562373095, 1.414213562373095, 1.414213562373095, 1.414213562373095, 1.414213562373095, 1.414213562373095, 1.414213562373095, 1.414213562373095, 1.414213562373095, 1.414213562373095, 1.414213562373095, 1.414213562373095, 1.414213562373095
0.7882541655657052, -0.5354995603816985, -1.385207511736653, -1.008673993529192, 0.260778361498563, 1.299379209784799, 1.187717257569936, 0.02464016140941583, -1.160249397852071, -1.318039468678561, -0.3090479264113082, 0.973525285199266, 1.394294711987547, 0.5807783136237634, -0.7468664350080032, -1.413354940209603, -0.8286847387109366, 0.4895705633528146, 1.37443828848406, 1.04259789413612
0.1331503013126672, -1.389140966251327, -0.3947296598244857, 1.314812202136687, 0.6423126918954009, -1.193862819754424, -0.867120597017661, 1.030581442967766, 1.061182135259648, -0.8307577037294854, -1.217616271535056, 0.6014769532803835, 1.330876163382674, -0.3508690297261927, -1.396945840936795, 0.08781999019344627, 1.413482605208679, 0.1783429710327673, -1.379900095520167, -0.4381822462149049
-0.1305115700586756, -1.390124881041828, 0.3870886325752567, 1.318679455070253, -0.6304789247692356, -1.202311182908497, 0.8523909815553163, 1.044984328936085, -1.045265027010381, -0.8520584746915038, 1.202530509781152, 0.6301059364742332, -1.318829939033621, -0.3866878692696754, 1.390201395627975, 0.1300966843616359, -1.414213500994824, 0.1309264444270526, 1.390048245790085, -0.3874893622807769
-1.363147988824455, 1.213639102705416, -0.9764840809394897, 0.6688096963545336, -0.312835462796375, -0.06573100542716816, 0.4395505364392838, -0.7816267709025776, 1.067255775019514, -1.275810100000977, 1.392228447462363, -1.408103360647669, 1.322288391002863, -1.140980891969541, 0.8772744608277029, -0.5502133501754224, 0.1834171372042461, 0.1966250261087831, -0.5624673966897831, 0.8876897067953666
-0.4270146843987396, -1.156343682542244, 1.125319022293338, 0.476774825422606, -1.413238551597622, 0.3766657441586138, 1.185773891174186, -1.092742689508157, -0.5258775542922831, 1.410314863687686, -0.3257974295197698, -1.213569067655497, 1.058659602827473, 0.5742551645580158, -1.405446530038958, 0.2744798814513369, 1.239690885954948, -1.023116758515016, -0.6218409496168504, 1.39864026346751
0.3416804205670507, -1.249110479069363, -0.9452619519263623, 0.7923513164174867, 1.328133306343425, -0.1505852370156697, -1.400897460900627, -0.5263411429133054, 1.146564638960238, 1.080371592727206, -0.6245192704342903, -1.382144977810783, -0.04334573930380027, 1.361199922793406, 0.7010899081766325, -1.022426909926613, -1.195135879559604, 0.4449263953968779, 1.410128355866348, 0.2364604368400316
-0.9095870815090525, -0.2441658682188423, 1.223669940542913, -1.32990243315012, 0.4870505687851881, 0.7033847455877816, -1.391849808361975, 1.087021793807162, -0.006441096593923068, -1.078736286711963, 1.394073936292834, -0.714531260507199, -0.4749363729376517, 1.325465847554933, -1.230077132793877, 0.2568443480445509, 0.8996853063318067, -1.414154889869258, 0.9194133832882811, 0.2314671286201887
0.7185417723602344, -0.6840518776552434, -1.413655808364753, -0.7524648933270029, 0.6490224142644079, 1.411982986286763, 0.7857944825648217, -0.6134810128428664, -1.409196415633217, -0.8185042502508678, 0.5774557078539139, 1.405298294404463, 0.8505683954671945, -0.5409749154558975, -1.400291697373361, -0.8819616265520768, 0.5040674110880116, 1.394180573659956, 0.912659181049629, -0.4667623067727187
-0.1204684443472579, -1.393689581455962, 0.3579087012477025, 1.332713353247109, -0.5849605535253589, -1.233054730585535, 0.7950337548308322, 1.09760633411094, -0.9820308691197935, -0.9302995931045394, 1.140524250515642, 0.735990634605536, -1.265913582316845, -0.5203193329050032, 1.354559402533258, 0.2895456105468222, -1.403888740333726, -0.05036774224687724, 1.412469797276191, -0.1902720644875752
0.8817601328824153, -0.3146611996646747, -1.274141748518577, -1.274189915013544, -0.3147694296410461, 0.8816733369065282, 1.414213558015885, 0.8818469234248747, -0.314552967749353, -1.274093574172317, -1.274238073656921, -0.3148776576777986, 0.8815865354977479, 1.414213544944257, 0.8819337085333711, -0.3144447338957487, -1.274045391975061, -1.274286224448411, -0.3149858837742708, 0.8814997286566071
-0.07164484101127348, -1.40695442785466, 0.2141990194970279, 1.385251546331047, -0.3545542380270631, -1.349327718856649, 0.4912696146316683, 1.299551738240406, -0.6229416338363533, -1.236434603031186, 0.7482185551046789, 1.160624271623803, -0.8658142897613045, -1.072899010339862, 0.9745216039352179, 0.9741594037717678, -1.073224511982219, -0.8654191094115008, 1.160909733156114, 0.7477944514767532
0.7591144955502359, -0.599266184287546, -1.402456716681815, -0.906341244944686, 0.4294540595752823, 1.367381657044037, 1.038498538856647, -0.2525015350758082, -1.309571565625095, -1.153389038846098, 0.0713507456696988, 1.229987632930148, 1.249102496113692, 0.1109863705106879, -1.129953076387021, -1.324047512616574, -0.2914781506447401, 1.011131139619402, 1.376978000751287, 0.4671236137434016
0.618207633858602, -0.873728463475104, -1.382088875576401, -0.3346009095209268, 1.089554788695262, 1.287174277221252, 0.0357928751318738, -1.25588136753208, -1.133781848347909, 0.2646412713717258, 1.365151789280329, 0.928880386124841, -0.5530524558807726, -1.41240177107892, -0.6817788032555275, 0.8163378214894557, 1.395484691078345, 0.4037032132037915, -1.042536006585402, -1.315169111978032
-0.7826178305841046, -0.5480209518024658, 1.389161254894913, -0.9894870972831658, -0.2940080671864557, 1.314891918503493, -1.161299515898779, -0.02957867873228212, 1.194036864764477, -1.291967890473775, 0.2358986619889463, 1.030877905204941, -1.376862730265557, 0.4930182751772623, 0.8311956496725971, -1.412976269422688, 0.7326705895774445, 0.6020647033001191, -1.399029030062672, 0.9463648883303702
0.100838955858901, -1.399833138808707, -0.300466106736016, 1.356984322646307, 0.4939826813938564, -1.286538529833305, -0.6774531351815284, 1.189928415756317, 0.8471462313081901, -1.069118739342841, -0.9996109229684972, 0.9265664057785242, 1.131746537247084, -0.7651705004508751, -1.24086583347279, 0.5882133302786235, 1.324749653605373, -0.3992936714686141, -1.381692053230501, 0.2022535812399399