0.8798126634278419
0.2096657166807543
0.8115409762565458
0.7895093252744793
0.1245412733037883
0.1449696752181713
0.003570619313976084
0.1451118120640495
0.3330243780844805
0.9475139640494277
0.7510472465508382
0.2953422139782632
0.1088303498277279
0.4589963524472521
0.736420606303038
0.07339216379058763
0.841328200898586
0.5373705064129053
0.3483160133647958
0.4327015047914824
0.834095394596332
0.9429151861142571
0.2335119934154839
0.08473664095808944
0.2541860378775778
0.3412636334914523
0.522530660519859
0.3855272776294441
0.1707679276670025
0.03570771398133817
0.8435807662332622
0.1362958820315437
0.9262750784267987
0.8498700346030699
0.1764071395189043
0.5381659030837491
0.5261989582901555
0.413394116791475
0.6528777038803464
0.6035818866062723
0.8947949085003269
0.3178120420461474
0.7440217462598125
0.09219400289558678
0.1100431022238629
0.2779470681849406
0.1963884185477844
0.3613515006023579
0.8348221522474387
0.1618480709011045
0.5468852191695883
0.2248065895553233
0.3781104897153812
0.9703942452352334
0.1961094510740546
0.8064288195828477
0.6144675839244255
0.3756687459678129
0.9442941234919257
0.1888146153978068
0.8153256696077584
0.351805374882618
0.3962548142554839
0.2089146818193896
0.5306548591394772
0.8184065902499574
0.2539987039406634
0.7434624592295505
0.03851597897882517
0.5855073902485539
0.7003601495754448
0.8023630846857747
0.5798985970650138
0.863874543161249
0.1629571638481988
0.7154806092489422
0.02482180953420549
0.2753229892020707
0.8178837993896294
0.3465425678243051
0.3474649629398422
0.7636021915013521
0.3227382951482068
0.972291900620416
0.07870191814610253
0.7423522451488811
0.6577481265884905
0.1962560754029016
0.02241652406137057
0.9243765281721126
0.8597951769033753
0.04477898878894487
0.8701085708968538
0.2447408806068189
0.226885841334741
0.6201109455585109
0.6253808012295013
0.1054968971927238
0.1432648812174793
0.4934052901333243
0.7044413856544018
0.006316932660510412
0.1270049771255947
0.2459386055357096
0.1384960991093099
0.2938245859496184
0.2601669077290631
0.8475793507011554
0.6252102616395955
0.9652654748143219
0.3317229846477805
0.4105677710042626
0.04447969787406004
0.3230473426838046
0.5904922527938199
0.7279644446383612
0.3444581537126409
0.09419551766408114
0.7270706560539641
0.8773303446098705
0.8754937309423844
0.3272782566763069
0.7451292596259694
0.1800320084956731
0.6450702994885815
0.9938240970909967
0.5761130470709246
0.2198138043114843
0.4463783187155463
0.3011807888679467
0.2655706118858171
0.6557775018015336
0.1659290934766342
0.837179167794443
0.7788980641193822
0.5661857769737538
0.2881350821737466
0.6543888410540603
0
0.2882870418422313
0.782225953209691
0.9704951227056625
0.6524799143514124
0.743800188866016
0.3660021743677556
0.418208963301143
0.8579701035398298
0.9551175661314439
0.9706557136899476
0.9473039969739208
0.6071218767248231
0.4770003403178644
0.4783360772976463
0.4149858268350018
0.6667286555577422
0.8330572958431971
0.3362909163351299
0.2740881764055463
0.9072988045930583
0.9395824363305973
0.1285728256871697
0.4873745759706232
0.2571431496350265
0.9165512399656112
0.2173782953747557
0.4391990158072136
0.6783731064768885
0.6038062662688479
0.2914252725474444
0.01790203259469087
0.05284582973272085
0.6306096819864045
0.5467685897827345
0.8860624059419135
0.7849571910963827
0.004865164040561182
0.01543213974970553
0.3728210914773485
0.5665294180840389
0.3321247083591146
0.2256934212008803
0.3160822249743378
0.8122632159273706
0.492400883181491
0.6435486269472963
0.04145285272352034
0.6268765166888026
0.3409548998601202
0.5510571635965175
0.1584333800028384
0.9623282472917191
0.4020127803050904
0.4782217455404361
0.2213578409172126
0.362563271225243
0.6678332359716788
0.3473357195687508
0.4653740350782434
0.1395069225904964
1