0.4362334021578001
0.703735777818828
0.4546579081573675
0.2708967168674512
0.618807390948643
0.6297824008938162
0.466466029831777
0.7681012624093317
0.3587953376144521
0.6524870362623915
0.2579807155445772
0.4201439115045912
0.5982670564977769
0.6247297416405854
0.3705709556444687
0.4007000787892646
0.7212415387403848
1
0.2824233409909778
0.315538093672782
0.5453994750507078
0.3879401175940477
0.5587152295643507
0.4410125116809833
0.577108416129445
0.4166377938972828
0.6626344664815534
0.2641250071006286
0.5937838449341549
0.2815814495108906
0.5287823273555869
0.3285529893530341
0.2408233362523052
0.4427662564154831
0.5154833856828085
0.2006207479478219
0.3761934908617938
0.3967724311041937
0.4324794897276656
0.5836627499978968
0.4863494529340928
0.5085518861772684
0.5185675318939301
0.2310148771139516
0.2992282630946075
0.2887147008329257
0.7352547310243015
0.865152171126449
0.8548527652116383
0.4683896772881213
0.5007572950851715
0.4440809137066916
0.6539999786142223
0.4386184344300522
0.4770120127552763
0.2902261928844277
0.04879447258361588
0.6196065115749974
0.4735883296964716
0.2834025311836241
0.5195149180411698
0.5465760575145368
0.5907048133019487
0.5405562279669122
0.4724426072091152
0.4774374409765769
0.2856021866853616
0.603923063636681
0.4227162586305957
0.515406913620347
0.533160788112044
0.5041112132385217
0.4653111083814786
0.3578460015655372
0.3811072801191834
0.2672441678889857
0.5119825858439147
0.3503212522611446
0.3210923772589944
0.4606915523345458
0.7011825226914161
0.6365271441935209
0.4707691266294055
0.31661434815794
0.3506754360869852
0.563661314430941
0.2875985202456798
0.235316889889923
0.4119237914656975
0.7249436454390432
0.5235353337340862
0.4430412641322168
0.6001548995299303
0.3360694526211649
0.8344828819097669
0.8879878264393931
0.5797457716965073
0.5057138692054978
0.5233647982038003
0.4574532854613023
0.14821717917861
0.754244098564895
0.4048388779552778
0.4644409522276323
0.4493418303592732
0.3675934451404854
0.328911604052431
0.3414303472372032
0.4464531906464069
0.4721417541184624
0.2011519489371122
0.5120453439524015
0.6277018384248242
0.5443363520314883
0.4821591286028851
0.2703184467059976
0.2979899806104135
0.3292267588823429
0.3208265403650298
0.327070263554904
0.1892447421589258
0.587618008381087
0.5812579645355205
0.6071503912459896
0.6554591014747105
0.8351485356423849
0.3874889130386812
0.3167254035375808
0.443610112121094
0.3467539655495752
0.544320416955605
0.4668867172155393
0.454655046759958
0.2406674842067262
0.4591168975889753
0.4475100595530379
0.8508036070311404
0.5412505153076891
0.4141377201897203
0.7445657169201779
0.7728033787445635
0.2268895216178181
0.2785294929998059
0.4777843375796161
0.8152190711094768
0.1809394749345306
0.6635443280071084
0.5645268100369549
0.5712804031410256
0.5651070483286822
0.2984992093211455
0.3109157143348426
0.36851578590576
0.3168290206416136
0.6240088363093577
0.4977978601919759
0.648055618231775
0.4417619074882076
0.5518052813729126
0.4795468990543658
0.2752175450335517
0.3049953106378763
0.6003537505883004
0.3721508378120524
0.5809083894325862
0.3815750284761559
0.3555348365538478
0.5477543779162316
0.665400976788956
0.2584074245659552
0.09807942982885318
0.2072220874509439
0.513127606926967
0.6724736961235221
0.491781907998258
0.5710515938896313
0.5636598483972453
0.2209918253175656
0.4602535038476399
0.6069000140015844
0.417750767232602
0.5502050893761649
0.2659732905462144
0.3024760151930193
0
0.3118067168157849
0.4699861980262955
0.5294172812364883
0.9141999989782964
0.5976358921542504
0.422326327133017
0.7223833067890741
0.330353294001812
0.5271478264947572
0.2857107161614371
0.5161326605804163
0.3196423982830361
0.355991844613092
0.6866677465933586
0.4772839839077348