3.634034765373164
5.327772418260786
5.208155921734895
7.209193598515245
6.295784068823075
4.523433735105739
3.91897769448124
1.283251123413101
6.873690377433306
3.79874562281612
7.221640039675751
7.695893190451494
8.515593876254695
1.445635661878331
8.52922935052621
7.618556019263433
5.32528489279785
8.226261414719787
5.477614922686859
3.346107395524845
6.061539704978863
4.896694217584436
8.238474014928901
8.108473470600678
9.330694235441811
5.804159142207047
5.186299736084627
7.686108229170054
6.434546746586577
8.681131917995879
6.275828288945012
5.366094159851943
4.668244508048599
6.205509425349212
7.684476756985891
5.924615828166871
3.661412607004009
7.054653617366547
5.454530395679481
1.236859275319501
7.302202038571387
7.827635050332057
6.658739071964192
3.125967591652774
3.423369635864752
3.742659708220781
1.91940125202699
7.995077495381183
4.360254714734279
3.931357156228747
7.932547419960167
3.110632381873749
2.912304330525519
4.956919696434915
4.757861081110303
4.921686118452117
6.935786098158713
5.133655531191497
6.399019582036712
3.752416606362504
9.760973690817034
7.795973900949104
0.8121286075091012
6.870594766863368
7.669200467103474
6.917980747912402
4.092277241250461
4.614479722905905
7.198871456711196
3.128633971677539
3.77125395795771
4.099749307891125
4.170785696663796
7.756344487416625
4.584655174476646
6.686004875780419
1.365553402773158
3.656427940790372
3.55425074191122
5.240596031709097
2.305544842154924
4.833629572379476
6.548627594474567
6.605754874115701
2.244821629801312
8.397188042952555
5.724740680746654
4.026802821508811
0.7688712800929327
6.836748753957595
7.989167254290366
1.867710829956338
6.03657368914375
2.656775464456855
7.489138582283832
7.781844654566058
4.596533936138703
7.207679934541559
8.158737988012263
6.615103764041942
9.851134679272171
7.250774586879899
4.941437358710404
3.795801229807814
4.319579178144655
4.312307941860766
6.580367404549004
5.315745717262492
6.529551436203196
7.599750770898556
2.716874699794087
5.641469798819623
6.43064839868694
3.146520495230388
7.989856823523247
6.353957566295913
4.619422028741662
7.409354222295022
6.008947647614953
7.232256780707709
5.58020763749902
7.509411658697368
3.981966368725725
3.659981644046036
1.401076917527526
5.619077359240112
6.600184180786247
3.319467082135313
4.099517132802621
9.163751152230752
3.939030295381348
6.695920980651815
5.638209583430409
4.346144918166837
8.476212154178477
5.844165189568796
5.217179509459215
7.201319353234334
4.09433573968917
7.463684415055775
4.961567546130712
6.348488022369462
6.928150236435409
3.554175945124505
6.370509880932555
5.932140670196342
2.420887021357186
6.07250708318801
4.763930314708405
5.701614270943384
4.217109430751997
4.782714526283094
6.707289614273215
5.77660450776582
5.69618378545962
7.923786220636461
4.258884014312505
2.998102477377589
3.541235267862179
5.27708941887325
2.770949546839959
3.932712252872973
6.518952673469653
10.03614209613689
6.807187840904873
7.625438596398542
7.704359645382969
3.662459802202324
6.028070977989261
4.88417002044023
3.340740474686915
8.102532374581182
2.481678497560682
3.759621629660935
4.933895090008382
4.56656979325468
2.068595512387815
7.582524286161629
2.107680600715518
4.401690460624066
4.823199122340694
7.037947108687487
4.923283241662598
8.96523072108895
7.107863705132687
3.415720719392436
5.63330225590863
3.490192519407395
5.558945660614327
7.58798326139603
5.441024293603174
7.493634880082569
6.114922778963906
7.143034734913042
7.749932567305448
4.609962536859442
8.258226288793644
9.951418318095442
6.720229446722166
4.573058110472855