-2.519472233849255
10.18176635414881
1.580610130548927
-6.665089798288959
4.855613581767313
5.406642271371921
0.2552698297632485
12.15374167799406
-1.844469355220961
8.795230555840224
-9.718608732257646
-4.429326715761698
4.713570262035722
2.1738155289128
-2.857023186831597
-2.375001602392823
4.528150662754924
19.83920638736087
-5.074546826437141
-4.30615000917336
4.411642950609217
-2.419303907270852
2.709992859108279
-3.429101248551733
1.307903994492658
-1.965627105865406
9.785739801754861
-7.389304231588641
0.9376483175471808
-9.253094914949132
0.3087040755943264
-6.40903924066967
-6.339179417288586
-0.8569015997190557
1.27942227855017
-5.729790972798241
-1.687544061205612
-3.813938642568528
-1.619921232442981
0.6932687531344826
1.129613035088439
3.109315786817343
3.306732935728273
-9.283020701368061
-7.007266349053282
-7.993091116695619
8.693297241630185
15.91049935412536
15.4815158425154
-0.8239926932671168
2.873353698062985
-4.33589719795548
7.168777295378002
-0.3349761061297634
1.812580639350554
-8.605528240338783
-14.25019233797304
4.111126034872091
3.438348876571534
-9.229770956311491
2.294692759836733
2.962402420627876
4.882896092002293
3.362306438203045
-0.800750598220384
-2.783846895309835
-8.079594576209962
1.063997386183512
-2.173425815514872
1.50764137555409
1.572975290440586
2.519138882693478
0.8003640991272215
-4.055727906913174
-2.179453714957893
-7.956251483166641
2.67765332501983
-1.901045696536066
-2.790283481121831
-0.699282107012732
10.97753316315664
7.111156787376309
0.4185465007422809
-2.248114483231896
-0.8046899492389654
3.25003018760127
-5.751636099298236
-9.175531742732302
-1.627668289306554
7.401377357151203
4.692229719843219
0.7779201339784807
3.538541478239511
-6.184257769238776
15.89430437239307
16.46873881393092
6.25763955071905
1.088842932557196
2.330621733645368
-3.319495424394547
-10.23879195459385
8.509258749096778
-4.084481118700046
-3.849511452577434
0.8508222105666361
-4.633329842542499
-2.570218155634509
-2.675407208397043
-0.3161939207050577
-0.2015928858971565
-11.19791077714205
3.661298142597389
6.259800877180957
2.146196657904693
0.07182441587218458
-7.000605549609519
-6.376043721252472
-5.218740845989141
-5.831068474189958
-5.706120261196594
-10.34417112188305
1.440323424696758
5.170744037396261
1.914002103743003
6.148880000073465
13.1521088656318
-5.335155698943295
-8.245909588818867
-3.782639384331659
-2.467990343702524
0.9760152817470615
-0.9398172988314952
-1.398218227399025
-7.975398321850017
0.0473052813671927
0.8791228869709817
15.8496485037579
2.043403770769202
-7.727541041570424
12.8070400660887
12.46387001895459
-10.18522555744037
-7.346423725810538
0.9534032093865425
11.90814769271408
-9.344221967520939
9.928533133831028
2.4915931048023
1.890114973656065
2.305640955893676
-4.963605740073689
-4.875739240938382
-1.484898203005977
-6.830511930183016
3.242249298708751
1.650545899611878
7.782150032844043
-0.451625868232955
2.308656290874872
1.481111359631322
-8.534556827239895
-7.607380523467287
0.7313128347893874
-1.741052453633186
2.703775210329022
-0.1392706552395135
-1.993029501068845
6.433262000400839
9.540006771941897
-9.448148048702373
-13.11175840507482
-6.366849595087805
2.242330804204387
7.239214647602419
1.497395926808772
1.777015781591935
5.653925754743316
-9.775182242726521
-0.528211584099425
5.131482439310355
-2.05400387483573
2.130504169305414
-7.734105703081956
-5.095896341513718
-14.23681720333143
-4.380954316850949
0.3232396191007013
2.567108218093018
14.87809384474988
1.950499301075578
-1.550034591353856
9.832654905263421
-4.124491666522044
4.442086268561563
-7.579014555002584
2.233711534141765
-4.743656317509076
-8.02252429838757
9.611653998246675
1.211408402302815