  -3.5297483e+00   6.9927338e-01  -5.2495830e+00   2.4105919e+00   3.4063650e-01  -9.4019507e-01  -2.4782223e-01  -9.6880552e-01  -3.1896575e+00
   1.1916502e+00   2.8815691e-01   6.5102936e+00   1.5751035e+01   9.4285743e-01  -3.3319645e-01  -6.7324527e-01   7.3941924e-01  -4.6079712e+00
   4.2964858e+00   4.6073563e+00  -6.7698364e+00  -2.8637788e+00   9.4419199e-01   3.2939565e-01   9.9534297e-01  -9.6396985e-02  -1.9597628e+00
   4.5125125e+00   4.0694764e+00  -5.8599829e+00  -4.2496019e+00   7.9572706e-01   6.0565539e-01   9.9664276e-01   8.1873175e-02  -6.8241838e+00
  -1.8970028e-01  -1.7709830e+00   2.7111601e+00   7.0560160e-01  -3.1631352e-01  -9.4865471e-01   3.5485380e-02  -9.9937020e-01  -3.3125239e+00
   2.1646065e-01   3.7990526e+00  -4.6571985e+00  -1.2691047e+00   9.2931791e-01  -3.6928067e-01   2.5602020e-01   9.6667143e-01  -8.4591878e-01
  -6.5860327e-01  -8.8161068e-01  -1.6405256e+00   8.9721022e-01  -2.1197152e-01  -9.7727584e-01  -8.6870088e-01  -4.9533704e-01   5.3363354e+00
   1.1484471e+00   2.7569021e+00   2.9459141e+00  -7.1730453e+00  -2.4605685e-01  -9.6925540e-01   9.3828798e-01  -3.4585498e-01  -1.0189184e+01
   1.9359642e-01  -9.7994834e-02   6.9829642e-01   2.4852806e+00  -9.6315295e-01  -2.6895426e-01  -9.5544894e-01  -2.9515644e-01  -7.7418280e+00
   3.0387703e-01  -1.5387510e+00   8.2855432e+00   1.1187110e+01   4.4700978e-01   8.9452907e-01  -8.2761337e-01  -5.6129859e-01  -1.3246543e+00
   6.2648334e-01   1.4151084e+00  -1.7038756e-01  -5.8882773e+00   9.5915904e-01  -2.8286736e-01  -9.9584364e-01   9.1079369e-02  -2.9212690e+00
   8.0619250e-01   1.2767893e+00  -1.0139688e+00  -5.0449122e+00   9.9368541e-01   1.1220211e-01  -1.3854157e-01   9.9035662e-01  -1.5396561e+01
   4.1048079e-01  -1.9661445e+00   4.8074164e+00   9.8929367e+00   1.6730192e-01  -9.8590571e-01  -3.3492379e-01  -9.4224522e-01   1.6129316e+00
   1.5257322e+00   7.5620609e-01  -6.4547703e+00   1.0716487e+00  -6.0080617e-01  -7.9939474e-01  -8.4645751e-01   5.3245627e-01  -7.1092909e+00
  -5.0654910e-01  -9.8588696e-01  -1.8738424e+00   4.5072558e+00  -4.4095406e-01  -8.9752968e-01  -5.9776710e-01  -8.0166982e-01  -4.7406808e+00
   2.7089077e-01  -5.4577392e-01   7.2730453e-01   7.6892551e+00  -8.4774727e-01  -5.3040038e-01   9.9500556e-01  -9.9819554e-02   1.6228720e+00
   9.7644180e-01   2.6977335e+00  -4.8006340e+00   2.5330853e+00   4.8082490e-01  -8.7681664e-01  -5.8273624e-01  -8.1266136e-01   1.0752388e+01
   3.0801433e-01  -2.0297784e+00   7.0652671e+00   5.0155414e+00  -1.3703743e-01  -9.9056587e-01  -6.5566459e-01  -7.5505228e-01   7.3791597e+00
   5.2149532e-01  -2.8983505e-02   4.7450211e+00  -7.1483636e+00   2.5197334e-01  -9.6773418e-01   5.8260872e-01  -8.1275278e-01  -9.1763891e+00
   2.0851057e+00   5.8201221e-01  -2.0979702e+00   1.1998999e+01   7.5812745e-01  -6.5210641e-01   1.6739709e-01   9.8588955e-01  -4.9268189e+00
   1.5977093e+00  -2.3326686e+00   5.3764924e+00   6.9268622e+00   9.2309439e-01  -3.8457346e-01  -5.3836472e-01  -8.4271195e-01   1.8840609e+01
   5.1281053e+00   7.2349359e-01  -6.4261653e+00  -1.1832389e+01  -7.1074757e-01   7.0344714e-01  -8.5909122e-01   5.1182250e-01  -1.8325718e+01
   6.2065394e-01  -1.7226824e-01  -1.8888790e-01  -9.8748176e+00   3.8659429e-01   9.2224989e-01   5.1046078e-01  -8.5990104e-01  -6.3757003e+00
   2.2259226e+00   1.3219440e+00   3.8119609e+00   9.1614327e+00  -9.0688083e-01  -4.2138718e-01   7.8144296e-01  -6.2397668e-01  -1.8051368e+01
  -2.1077708e-01  -2.1068663e+00   3.0542875e+00   1.2180005e+00  -3.7053736e-01  -9.2881756e-01   3.8458749e-02  -9.9926019e-01  -1.3982680e+00
  -7.0671599e-01   9.1877546e-02  -3.4356579e+00  -3.9177371e-01  -5.5886333e-02  -9.9843714e-01  -9.1470538e-01  -4.0412134e-01   1.5324365e+01
   5.9663189e-01   2.9522380e+00  -2.4482426e+00  -1.1727909e+00   9.9887638e-01  -4.7391783e-02   1.6725743e-01   9.8591326e-01  -1.8361845e+01
   2.4412218e-01   3.8211423e+00  -4.5297949e+00  -1.4255224e+00   9.2191881e-01  -3.8738315e-01   2.3485159e-01   9.7203124e-01   2.0971964e+00
   6.3286297e-01  -3.4824184e-01   3.1446053e+00  -1.3817506e+01   3.1736532e-01  -9.4830336e-01  -8.2023420e-01   5.7202784e-01   1.2210295e+00
   3.5517559e-01  -5.2797889e-01   1.0499974e+01   1.0026022e+01  -1.0782189e-02   9.9994187e-01  -4.1655334e-01  -9.0911128e-01  -1.1142806e+01
   6.0586446e-03  -3.5730974e-01   7.9271512e-01  -7.2462249e-01   1.3376873e-01  -9.9101258e-01  -1.5834734e-01  -9.8738347e-01  -1.3753225e+01
   5.9588646e-01   2.4928287e+00  -2.8957570e+00  -1.2806726e+01   8.1697748e-01   5.7666957e-01   6.1611912e-01   7.8765299e-01  -1.3108100e-01
  -3.6447556e+00  -1.5715622e+00   1.1998765e+00  -8.8836592e-01   6.2654917e-01  -7.7938189e-01  -2.7738072e-01  -9.6076008e-01  -1.6285971e+01
   1.4047715e+00   2.9280952e-01   2.2514289e+00   4.5380350e+00   8.3631883e-01  -5.4824338e-01   9.0484426e-01  -4.2574272e-01   1.6415043e+01
  -1.0165904e-02   1.3882179e+00  -4.0601442e+00   3.9958989e+00  -2.2469225e-01  -9.7442978e-01  -6.7514584e-03  -9.9997721e-01  -1.1470487e+01
   3.8762185e+00   1.3869895e+00   4.9357645e+00  -1.2965889e+01  -5.5001794e-01  -8.3515284e-01  -8.4956253e-02  -9.9638468e-01   9.0028984e+00
   5.6888568e+00   6.5566079e+00  -1.3053204e+01  -1.4887990e+01  -1.6167420e-01  -9.8684419e-01  -6.3151403e-01  -7.7536445e-01  -3.6142827e+00
   2.4226814e-01  -9.7464335e-02   7.3556655e+00   1.5076371e+01  -5.9502856e-01  -8.0370455e-01   9.8148429e-01   1.9154263e-01  -1.3875967e+00
  -6.5862494e-01  -3.9415912e-01  -2.1684223e+00  -6.9492977e-01  -5.6231751e-02  -9.9841774e-01  -8.7237915e-01  -4.8882985e-01   8.4025150e+00
   3.3013571e-01   1.1863971e+00  -1.6902100e-01  -3.3487728e+00   4.5400735e-01  -8.9099794e-01  -2.6789491e-01  -9.6344814e-01   1.7487521e+01
   5.0606170e-01   2.8197888e-01   1.6353714e+00   1.1634655e+00  -3.8523502e-01  -9.2281850e-01   8.8114483e-01  -4.7284648e-01  -9.9696971e+00
   2.5606267e-01  -6.6271302e-01  -2.9190538e+00   6.1277490e+00   2.8864852e-01  -9.5743513e-01  -9.3537383e-01  -3.5366056e-01   1.1711746e+01
  -4.9500609e-01  -3.4861615e-01  -8.1217549e+00  -1.5919564e+01  -9.9390351e-01  -1.1025336e-01   9.9801510e-01   6.2975082e-02  -1.5656704e+01
   6.8393172e-01  -8.8219675e-01   4.6217965e+00  -1.3639847e+01   5.3990024e-01  -8.4172901e-01   4.8368706e-01   8.7524101e-01   9.8100263e-01
  -4.6098559e-01  -7.3641062e-02  -2.5988429e+00   1.3129774e+00  -1.0721316e-01  -9.9423606e-01  -8.0192439e-01  -5.9742554e-01   2.1710358e+00
   4.9677365e-01  -1.5310106e+00   1.2234202e+01  -1.1878471e+01  -9.1766684e-01  -3.9735070e-01  -3.5005517e-01  -9.3672908e-01  -1.5070261e+01
   3.8402857e+00   2.0511028e-01   7.1519138e+00  -1.2712935e+01  -2.3091281e-01  -9.7297445e-01  -7.1689125e-01  -6.9718501e-01  -2.1676086e+00
  -6.9456154e-01  -5.8855245e-01  -2.3488016e+00   1.1134526e+00  -2.0037236e-01  -9.7971982e-01  -9.0579977e-01  -4.2370601e-01   8.3361604e+00
   2.7490088e-01   1.5788267e+00  -9.2410040e+00   2.0732186e+01  -6.3699309e-01  -7.7086951e-01  -5.2195962e-01  -8.5297020e-01  -1.9265116e+01
   1.0076612e+00   1.8982310e+00   3.8726890e+00   1.5223573e+00   8.6461174e-01  -5.0244057e-01  -8.3228295e-04   9.9999965e-01   1.1153261e+01
   1.7664802e+00  -2.4416991e-01   8.6669886e+00   2.6402140e+00  -5.1918204e-01  -8.5466368e-01  -9.4334750e-01  -3.3180642e-01  -2.8616885e+00
  -5.1212930e-02   2.8477803e-01  -1.2345429e+00   2.5381671e+00  -3.4858126e-01  -9.3727856e-01   1.5195214e-01  -9.8838785e-01   1.2453652e+01
  -3.4958552e+00  -9.8025347e-01  -1.2640613e+00   7.5468565e-01  -4.2975713e-01  -9.0294452e-01   3.7007915e-01  -9.2900023e-01   8.9719463e+00
   2.8918780e-01   8.3773598e-01  -4.7082591e+00  -1.9290249e+00   7.6047115e-01  -6.4937172e-01  -9.9970213e-01  -2.4406137e-02   5.1532766e+00
   1.4891885e-01  -4.3650604e-01  -1.6740016e+00   2.3770989e+00  -9.3632691e-01  -3.5112949e-01  -9.9513947e-01   9.8475596e-02  -5.0979057e+00
   6.1967417e+00   3.2999217e+00  -8.1444195e+00  -1.5963703e+01   5.4136424e-01  -8.4078818e-01   9.9261775e-01  -1.2128483e-01   3.0630877e+00
   5.5393460e-01   2.6985109e+00  -2.5294312e+00  -1.5610865e+00   9.9982121e-01  -1.8908710e-02   1.7578122e-01   9.8442926e-01  -1.9093540e+01
   7.2797062e-01   1.9730668e+00   9.1852302e-01  -9.6746925e-01   9.8519763e-01  -1.7142240e-01   3.9830672e-02   9.9920644e-01  -1.5975616e+00
   1.9613606e+00  -2.6698607e-01  -5.7337908e-01   6.3955807e+00  -9.1258033e-01   4.0889747e-01  -9.7760528e-01   2.1044696e-01  -1.0090383e+01
   3.9521450e-01   4.0971511e+00  -5.4509660e+00   2.5744343e+00   8.0787937e-01  -5.8934788e-01   9.4008843e-01   3.4093070e-01   1.4495538e+01
   2.0068225e+00   2.9831899e-01  -3.7428621e+00   7.4840706e+00  -8.6003099e-01  -5.1024180e-01   9.8880613e-01   1.4920604e-01  -7.3633688e+00
   1.2562592e+00   2.4922376e+00  -2.9869633e+00  -1.4463391e+00   7.9178879e-01  -6.1079498e-01  -5.7922816e-01  -8.1516547e-01   1.7574638e+01
   7.4603640e-01   2.0721221e-01  -1.7649289e+00  -9.6616606e+00   9.6731644e-01   2.5357229e-01  -9.9738659e-01  -7.2249473e-02  -1.2724893e+01
   7.9732280e-01   3.5539517e+00  -4.9854560e+00   6.2930769e+00   9.9744112e-01  -7.1492677e-02   9.8347344e-01  -1.8105244e-01  -1.3724671e+01
   8.7522859e-01  -3.3971777e+00   1.2517469e+01  -1.7617648e+01  -1.0647335e-03  -9.9999943e-01   3.5321158e-01  -9.3554347e-01  -2.8865436e+00
  -1.8663446e-01  -1.6839708e-01  -1.1346238e+00   2.3682310e+00  -1.6732920e-01  -9.8590108e-01  -8.2042337e-01   5.7175650e-01   4.5075943e+00
  -3.7495473e-01  -1.5226471e+00   4.8045636e-01   3.3238129e+00  -5.3424550e-01  -8.4532937e-01  -2.0176174e-01  -9.7943463e-01   7.1617802e+00
   1.3745036e+00  -6.1876012e-01   5.9029600e+00  -5.9087110e+00   3.1168539e-01  -9.5018536e-01  -6.1357181e-01  -7.8963893e-01   9.9871433e+00
   3.3766939e-01  -9.0480869e-01   4.1015987e+00   9.5014446e+00  -6.9219740e-01  -7.2170823e-01   7.2100329e-01   6.9293164e-01   7.0944975e+00
  -6.5643704e-01  -9.4344974e-01  -1.8171496e+00   2.3237296e+00  -3.0161488e-01  -9.5342984e-01  -8.6540172e-01  -5.0107870e-01   3.3751179e+00
   1.2357690e-01  -1.1799601e-01   1.4412419e+00  -1.5040231e+00   5.3238887e-02  -9.9858180e-01   2.1789474e-01  -9.7597227e-01  -1.2105074e+01
   1.3663887e+00   3.1177145e+00   3.6245454e+00   9.2555243e+00   3.5584769e-01  -9.3454396e-01   7.3483588e-01   6.7824497e-01   9.1978022e-01
  -4.3436856e-01  -8.4192786e-01  -1.4544422e+00   4.1472570e+00  -5.1398049e-01  -8.5780187e-01  -3.7983213e-01  -9.2505543e-01   5.5452017e+00
  -4.2943925e-02  -1.0104687e+00   2.1301308e+00  -6.5483074e-01  -5.1665258e-02  -9.9866446e-01   1.1985166e-02  -9.9992818e-01  -8.3163255e+00
   5.9903047e+00   5.0966773e+00  -4.7113197e+00  -2.5470688e+01   2.5422066e-01  -9.6714624e-01   4.0174028e-01  -9.1575365e-01  -9.9443530e+00
   4.8008349e-02  -1.6004006e+00   4.9404872e+00   1.2489106e+01   9.9530701e-01   9.6767582e-02  -4.0178666e-01   9.1573330e-01   1.4970914e+01
   1.3841478e+00   4.4914073e+00  -7.5070490e+00  -2.3923369e+00  -9.9994592e-01  -1.0399992e-02  -7.2019323e-01   6.9377353e-01   2.5209837e+00
   3.3255957e-01  -6.3413120e-01   3.6643751e-02  -1.3724948e+00   9.8527192e-01  -1.7099484e-01  -8.4155396e-01  -5.4017305e-01  -4.8343809e+00
   6.8930399e-01  -1.5023351e+00   7.0720122e+00  -9.0609405e+00   9.9945390e-01  -3.3043947e-02   9.7686637e-01  -2.1385066e-01   1.3714870e+01
   1.5989229e+00  -2.7473291e-01  -3.3754458e+00  -1.0260711e+01   2.7254041e-01  -9.6214434e-01  -9.7085709e-01  -2.3965915e-01  -5.5797391e+00
  -4.9812966e-02  -2.7170881e-01  -6.1567868e-02   7.7196362e-01  -4.4440091e-02  -9.9901205e-01  -6.3928575e-02  -9.9795448e-01   1.4693684e+01
   9.9029343e-01   2.0037250e+00  -8.0513884e+00  -1.7062019e+01  -2.2567051e-01  -9.7420369e-01   7.3045976e-01   6.8295574e-01  -1.2263858e+01
  -6.9142857e-01   3.7979906e-01  -3.5422621e+00  -1.9912949e+00   3.7440179e-02  -9.9929887e-01  -8.5001602e-01  -5.2675683e-01   1.7370375e+01
   2.1373479e+00  -5.5960784e-02  -6.4861036e+00   1.2175061e+01   5.4765918e-01  -8.3670151e-01  -6.9638278e-01  -7.1767055e-01  -6.3427550e+00
   6.4799584e-02   3.3485561e+00  -4.9725061e+00  -4.7375270e+00   8.0350358e-01  -5.9529993e-01   3.7994166e-01   9.2501045e-01   1.6394718e+01
   4.9635957e+00   1.8722205e+00  -6.0635172e+00  -7.6521220e+00   4.9355318e-02   9.9878128e-01   6.0440457e-01   7.9667755e-01  -1.0788172e+01
   5.9414851e-01   3.7172267e-01   1.2566579e+01  -2.6547885e+01  -3.8658118e-01  -9.2225538e-01  -5.1074514e-01  -8.5973217e-01   1.0004937e+01
  -7.5712494e-02   2.6592341e+00  -4.6550111e+00  -4.6228287e+00   7.0915650e-01  -7.0505111e-01   2.7571490e-01   9.6123946e-01   1.6567776e+01
  -1.8710731e-01   1.5069421e+00  -1.1362116e+00  -1.1611735e+01   5.2955599e-01  -8.4827499e-01   9.3869275e-01   3.4475487e-01   1.9252694e+01
  -2.5493087e+00   4.0991669e-01  -5.2964403e+00   3.4374998e+00   1.6613583e-01  -9.8610288e-01  -2.7396779e-01  -9.6173887e-01  -6.6897346e+00
   4.3122767e-01   3.6815071e+00  -3.5432762e+00  -1.7026790e-01   9.8076523e-01  -1.9519110e-01   1.9838945e-01   9.8012327e-01  -1.3398800e+01
   7.0847166e-01   3.3807240e+00   4.1535881e-01  -1.8863866e+01  -6.4512874e-01  -7.6407389e-01   5.4316085e-01  -8.3962866e-01  -1.4699885e+01
   3.2069359e-01   2.8796238e+00  -6.1917903e+00  -9.3431242e+00   9.7080098e-01   2.3988636e-01   9.5027149e-01  -3.1142269e-01   1.6562545e+01
   1.3531527e+00   1.1073847e+00   4.9262063e+00  -1.4534858e+00  -5.6093907e-01  -8.2785709e-01   9.9313536e-01   1.1697078e-01  -1.9012937e+01
  -3.9426947e-03   4.1525525e+00  -1.2552337e+01   2.7878548e-01   7.7841824e-01  -6.2774600e-01   7.1737622e-01  -6.9668598e-01   1.9665751e+01
  -8.5184886e-01   1.3878616e+00   3.1306434e+00  -1.0926180e+01  -7.3458615e-01   6.7851543e-01  -9.9952923e-01  -3.0680864e-02  -1.0311569e+01
   1.5730481e+00   3.8148739e+00  -1.7765241e+00  -6.6712011e+00   9.2287845e-01  -3.8509138e-01  -2.0230651e-01  -9.7932225e-01  -3.1322435e+00
   2.1081833e+00   2.8050680e-01  -3.6073783e+00   1.2095490e+01   8.4350102e-01  -5.3712757e-01   6.8922825e-01   7.2454428e-01  -1.0369463e+01
  -2.7853568e+00  -2.9553357e+00   3.8718169e+00  -1.8819730e+00   4.0536697e-01  -9.1415404e-01  -2.3744607e-01  -9.7140072e-01   2.8228461e+00
  -1.1875767e+00  -1.8846322e+00  -9.0799837e-01   1.8390242e+00  -3.7513021e-01  -9.2697213e-01   3.8810377e-01  -9.2161568e-01   1.4708047e+01
  -4.9727104e-01  -2.5525241e+00   3.3034352e+00  -2.0440374e+00   1.8513287e-01  -9.8271350e-01  -5.9288592e-01  -8.0528646e-01   8.8657653e+00
   1.5940587e+00   4.4563147e-01  -6.2846177e+00  -7.8570543e+00   2.7757596e-02  -9.9961468e-01  -9.7573473e-01   2.1895602e-01  -6.8286909e+00
   1.0432581e+00   1.4192955e+00   7.4634027e+00  -1.1012605e+01   6.6667534e-06  -1.0000000e+00   7.1062467e-01  -7.0357131e-01   1.4667964e+01
   2.9461600e-01  -8.8856049e-01   1.1901566e+00  -8.2558164e-01   9.7953380e-01  -2.0127973e-01  -8.1089082e-01  -5.8519747e-01   3.1538038e-01
  -5.0687551e-02  -1.4729906e+00   3.1514444e+00  -9.5806587e-01  -6.6817033e-02  -9.9776524e-01   2.2463451e-02  -9.9974766e-01  -1.2843788e+01
  -3.5464757e-01  -1.8312769e+00   1.6793465e+00   2.7146267e+00  -5.3050424e-01  -8.4768228e-01  -7.3783317e-02  -9.9727430e-01   2.2311608e+00
  -1.1058712e-01  -1.8828283e+00   3.4276982e+00  -2.1089009e-01  -2.1386753e-01  -9.7686267e-01   6.1954625e-02  -9.9807897e-01  -7.2424099e+00
   3.5258376e-01   2.9008027e-01  -2.8460896e+00  -3.3312914e+00   9.5289912e-01  -3.0328743e-01  -9.4492361e-01  -3.2729095e-01  -9.9318426e+00
  -3.9744018e-01  -1.5327777e+00   3.4014572e-01   3.5789657e+00  -5.2832185e-01  -8.4904418e-01  -2.1031117e-01  -9.7763450e-01   2.0260238e+00
   2.4184816e-01   3.3229319e+00  -3.2490716e+00  -9.1872773e-01   9.7213253e-01  -2.3443197e-01  -3.3426363e-01   9.4247962e-01  -4.4714926e+00
  -6.2667439e-01   1.1895760e+00  -3.9207275e+00  -4.9421403e+00   2.4733184e-01  -9.6893083e-01  -7.2284163e-01  -6.9101373e-01   1.9865765e+01
  -6.1652238e-01   2.0841809e+00  -5.5429232e+00  -7.1541877e+00   3.9675928e-01  -9.1792269e-01  -7.4975930e-01  -6.6171066e-01   1.5072298e+01
   1.8919991e-01   1.3422493e-01   2.6553796e+00   1.5514959e+00  -9.0515240e-01  -4.2508721e-01  -8.7594015e-01  -4.8241978e-01  -7.2613493e+00
  -2.5443632e-01   9.9282163e-02   1.7301347e+00  -1.3529373e+01   4.7184860e-01  -8.8167959e-01   9.9633388e-01   8.5549930e-02   8.0310667e+00
   6.9883833e-01   9.3949534e-01  -1.0900233e+00  -5.9318991e+00   9.9421206e-01   1.0743549e-01  -7.4724425e-01   6.6454949e-01  -1.7431893e+01
  -4.0705350e-01   2.8840298e+00  -1.4862009e+00  -1.4410772e+01   6.0678871e-01  -7.9486317e-01   9.3426586e-02  -9.9562617e-01   2.5788938e+00
   5.6997637e-01  -6.2867779e-01   6.2823350e+00  -1.0449714e+01   8.6988796e-01   4.9324936e-01   7.8578240e-01   6.1850304e-01   1.4767474e+01
  -8.7611927e-01  -2.2701558e+00   2.6490106e+00  -3.0720606e+00  -3.7601266e-01  -9.2661452e-01   2.1960996e-01  -9.7558775e-01   1.1466910e+01
   8.6704525e-01   2.8900377e+00  -5.2004944e+00  -1.7327965e+01  -5.4051275e-01  -8.4133582e-01   9.9422675e-01  -1.0729942e-01  -1.7022188e+01
  -1.7741602e-02  -1.0411994e+00   2.5331610e+00   1.4666478e+01   9.9526601e-01  -9.7188307e-02   2.5865186e-01   9.6597061e-01   1.9995628e+01
  -2.6588348e+00  -2.1324959e+00   1.7741845e+00  -8.5502397e-01   5.2763014e-01  -8.4947421e-01  -2.9869829e-01  -9.5434759e-01  -9.6838923e+00
  -9.9732458e-01   4.4204663e-01   1.7600604e+00  -1.0050457e+01  -9.9934732e-01   3.6123786e-02   5.7402700e-01   8.1883637e-01   3.1847731e+00
   3.9648064e-01   1.6755903e+00  -2.7062638e+00  -6.4486166e+00   8.6220349e-01  -5.0656207e-01  -5.0637452e-01   8.6231366e-01  -2.1162700e+00
   6.4829286e-01  -4.2742621e-01   1.5884802e+00  -1.5376518e+01   4.0150838e-01  -9.1585535e-01  -2.0571205e-01   9.7861257e-01  -5.3412984e+00
   8.3741855e-02  -9.6744578e-01  -1.5423823e-01  -1.0756063e+01   1.2883766e-02  -9.9991700e-01   8.1202366e-01  -5.8362451e-01   2.8759529e+00
   8.9084977e-01   1.8802004e+00  -8.7246255e+00   1.1709913e-01  -4.0310191e-01   9.1515509e-01  -6.9405324e-01   7.1992367e-01   6.5683109e+00
   2.8441614e-02  -3.1147354e-02  -3.7330499e+00  -6.4319890e+00  -2.9200265e-01  -9.5641751e-01  -9.7656536e-01  -2.1522106e-01   5.6857515e+00
   1.7563114e+00   3.5162588e+00   1.4081373e-01  -6.9774026e+00   9.3789575e-01  -3.4691722e-01   1.3631609e-01  -9.9066539e-01  -3.6168593e+00
  -1.5372466e+00  -1.7384368e+00   1.3614438e+00  -1.8701558e+00   5.9859005e-01  -8.0105552e-01  -2.3382871e-01  -9.7227781e-01  -1.1905194e+01
  -2.3661403e-01   6.3342623e-01  -1.5987146e+00  -1.1348103e+01   4.7337406e-01  -8.8086151e-01   7.6694967e-01   6.4170725e-01   1.9773672e+01
   2.0319234e+00   4.9846389e-01  -7.3594668e+00   1.0965750e+01  -5.0423220e-01  -8.6356811e-01   7.5859609e-01  -6.5156118e-01   4.7106815e+00
   4.6259506e-01   7.8770902e-01  -1.0904270e+00   1.1624740e+01   2.3091498e-01  -9.7297393e-01   7.8460832e-01  -6.1999176e-01  -1.1978322e+01
   2.4424553e-01   1.5036814e-01  -1.6342404e+00   1.4797985e+01  -8.0763772e-01  -5.8967900e-01   3.0390679e-01  -9.5270177e-01  -1.7667254e+00
  -3.1126234e-01  -1.9158388e+00   1.8447805e+00   2.5711475e+00  -4.8121118e-01  -8.7660470e-01  -5.7374408e-02  -9.9835273e-01   2.1604382e+00
  -4.7901556e-01   4.5186322e+00  -1.4718982e+01   7.0037647e+00  -3.5758028e-01  -9.3388240e-01   5.3731290e-01  -8.4338298e-01   4.4207780e+00
  -3.5089781e+00   1.6196333e-01  -3.3390419e+00   3.3386341e-01   5.3021992e-01  -8.4786015e-01  -3.0793136e-01  -9.5140858e-01  -8.5734399e+00
   2.0940826e+00   2.0989433e+00  -1.6567626e+01   2.3319786e+01   3.7128660e-02  -9.9931049e-01   6.4477558e-02  -9.9791916e-01  -7.9979126e+00
  -3.3849361e-02  -1.1495209e+00   2.3515864e+00  -6.4719468e-01  -6.6710050e-02  -9.9777240e-01   3.5343961e-02  -9.9937521e-01  -1.1825406e+01
   4.4509598e-02  -6.2232731e-01  -2.6619363e+00  -8.1743602e+00   8.8739680e-02  -9.9605485e-01   9.8819661e-01  -1.5319092e-01   1.3600805e+01
  -1.2823826e+00  -5.5599310e-01  -4.9400830e+00   5.0474018e+00  -5.1112199e-02  -9.9869292e-01   7.9489253e-02  -9.9683572e-01   2.8757576e+00
   1.1125794e+00  -2.2307354e-01  -1.6595577e+00  -1.2492633e+01   6.9924559e-01  -7.1488153e-01  -9.9991507e-01  -1.3033036e-02  -1.2999865e+01
  -2.5479281e+00  -3.3053752e-01  -2.9753210e+00   1.2236703e+00   3.6162181e-01  -9.3232487e-01  -3.7757863e-01  -9.2597752e-01   5.6305486e+00
   9.5124375e-01   2.6462326e+00  -3.7791076e+00   6.0158834e+00   9.8930395e-01   1.4586877e-01   8.8367673e-01  -4.6809768e-01  -1.9995516e+01
   5.7086410e-02   4.3901771e-01   8.9794878e-02  -1.0637557e+01   4.4133691e-01  -8.9734148e-01   8.5367238e-01   5.2081040e-01   1.7788713e+01
  -7.7025394e-01  -4.2557379e-02  -5.3146089e+00  -7.8500344e+00  -8.6980825e-01   4.9338991e-01  -1.9656208e-01  -9.8049138e-01  -4.6584637e-01
   1.8734400e+00  -3.0568105e+00   3.8931728e-01   1.1680897e+01   9.9781028e-01  -6.6141065e-02   3.8036897e-01  -9.2483482e-01   8.3590885e+00
   7.2229563e-01   2.0839253e+00  -1.5325475e+00  -3.0593508e+00   9.9870743e-01   5.0827817e-02   6.3103055e-02   9.9800702e-01  -1.7894366e+01
  -9.5036297e-01   4.6423916e-01   3.6291280e+00  -1.0906190e+01  -9.5599366e-01   2.9338732e-01  -3.6339428e-01   9.3163544e-01  -5.5137759e+00
  -8.6573512e-02  -1.0695516e-01  -2.3565948e+00   8.0618337e+00  -2.8612378e-01  -9.5819266e-01  -9.4581508e-01  -3.2470576e-01  -8.0877744e+00
   9.1117113e-01   1.6340819e+00   4.9077494e+00  -8.4112142e+00   7.3282532e-01  -6.8041682e-01  -4.7545166e-01  -8.7974185e-01   1.1587495e+01
   2.4844417e-01  -9.6577369e-01   2.0908407e+00  -9.9709326e-01   9.5971150e-01  -2.8098725e-01  -7.8402575e-01  -6.2072831e-01   5.7069576e+00
   1.8002797e+00   3.0577717e-02   2.6131555e+00   1.5502627e+01   1.1609920e-01  -9.9323762e-01  -3.2640915e-01  -9.4522858e-01  -2.2770270e+00
   9.6879849e-01  -5.3065262e+00   1.4108134e+01   1.0340321e+01   4.6074713e-01  -8.8753145e-01  -8.7463713e-01  -4.8477818e-01  -2.2187642e+00
   1.7269101e-01   3.1250747e+00  -9.1190539e+00  -4.6304448e+00   9.9000165e-01  -1.4105579e-01   7.8413018e-01  -6.2059637e-01   1.7768997e+01
   7.4020136e-02   9.0149987e-01  -1.6142587e+00  -1.3179099e+01   1.2218988e-02  -9.9992535e-01  -3.9976899e-01  -9.1661593e-01  -6.7180143e+00
   1.4095386e+00  -2.8470282e-01   1.0857091e+00   2.6715431e+00   9.5028592e-01  -3.1137865e-01   9.9518340e-01   9.8030600e-02   7.6851192e+00
  -1.5830254e-01   8.1547852e-01  -3.7931514e+00  -1.0104951e+00   6.4795571e-02  -9.9789856e-01  -7.6538111e-01   6.4357732e-01   1.3124410e+01
   2.5339808e-01   5.6135633e-01  -4.2496279e+00   8.7186754e-01   5.9568620e-01  -8.0321725e-01  -9.9999409e-01   3.4387414e-03   1.1434421e+01
   1.9438859e-01   6.1074694e-02   1.6608115e+00   2.0471298e+00  -9.4567319e-01  -3.2511879e-01  -9.1573471e-01  -4.0178345e-01  -8.2098570e+00
  -1.0205007e+00  -8.7736916e-01  -1.0791168e+00  -1.3977145e+00  -4.2530878e-01  -9.0504831e-01   4.2866701e-01  -9.0346256e-01  -1.9113545e+01
  -2.0928594e-02  -9.8231951e-01   2.0591550e+00  -5.8653773e-01  -6.9376255e-02  -9.9759056e-01   8.1312792e-03  -9.9996694e-01  -1.1916784e+01
   7.7678373e-01   1.0197770e+00  -7.5011107e+00  -8.1280000e+00   4.4136156e-01   8.9732936e-01  -3.9076928e-01   9.2048866e-01   4.2945140e+00
   1.9229481e+00   3.1202191e+00   2.2169569e+00  -7.7359990e+00   9.1635944e-01  -4.0035656e-01   4.8042072e-01  -8.7703816e-01   1.1446529e+01
   7.4652613e-01  -6.3234352e-01  -3.0836233e+00  -1.0745562e+01   9.4207200e-01   3.3541070e-01  -8.3082071e-01   5.5654016e-01  -1.7044962e+01
  -3.5432991e+00  -5.3876642e-01  -3.6165975e+00   3.8254870e+00  -1.5672876e-01  -9.8764168e-01   1.7379421e-01  -9.8478199e-01   7.6047477e+00
   2.5850015e-01   1.1726571e+00  -1.7058452e+00  -8.7923623e-01   4.2765450e-01  -9.0394227e-01  -4.2781032e-01  -9.0386853e-01  -1.1941588e+01
  -2.5607151e+00  -1.8156064e-01  -2.3764179e+00  -5.9711556e-01   4.8270615e-01  -8.7578238e-01  -3.9114732e-01  -9.2032808e-01  -7.3695400e+00
   7.7882228e-02  -4.7955010e-01  -3.1863563e+00  -5.7012793e-01  -7.4477605e-01  -6.6731450e-01  -9.6350876e-01   2.6767679e-01  -3.6494744e+00
  -5.6394278e-01  -9.8777045e-01  -2.1313343e+00   4.8697668e+00  -4.8303089e-01  -8.7560331e-01  -6.5776777e-01  -7.5322079e-01  -4.8852866e+00
   1.8975075e-01   1.5862267e+00  -3.1107428e+00   4.6066608e-01   3.1681317e-01  -9.4848796e-01  -4.3957685e-01  -8.9820498e-01  -3.2184174e+00
  -9.6548902e-01  -1.3238574e+00   3.3756036e-01  -2.2607597e+00  -4.4226624e-01  -8.9688381e-01   3.4423450e-01  -9.3888370e-01   4.3494310e+00
   7.5122041e-01  -1.1322444e+00   4.8263699e+00  -6.3865539e+00   9.6527908e-01   2.6122078e-01   8.2390193e-01  -5.6673239e-01   7.2687250e+00
   3.0483846e-01   3.5812804e+00  -4.1079510e+00  -1.4277491e+01   9.7161919e-01  -2.3655054e-01  -5.5234824e-01  -8.3361347e-01   9.8542707e+00
  -2.4885253e+00  -1.5791731e+00   4.0704756e-01   5.4296750e-01  -6.3634787e-01  -7.7140223e-01   3.3032776e-01  -9.4386629e-01   1.7620182e+00
  -2.7796868e-01   9.5710161e-01   3.0841939e+00  -1.6553163e+01   5.5679510e-01  -8.3064987e-01   9.4018089e-01  -3.4067564e-01   1.3321286e+01
  -3.5575077e-01  -1.9518632e+00   1.7439917e+00   2.9177524e+00  -5.4515180e-01  -8.3833735e-01  -8.4867171e-02  -9.9639227e-01   3.1212409e+00
   4.4363867e-01  -4.7762198e+00   1.2128230e+01  -5.5047963e+00   3.2000398e-01  -9.4741620e-01   9.1252322e-01  -4.0902491e-01   1.0827121e+01
  -1.4441638e-01  -2.2239375e+00   4.1469042e+00  -2.7201523e-01  -2.5250284e-01  -9.6759615e-01   6.0532708e-02  -9.9816621e-01  -4.1309686e+00
   5.9498993e-01  -2.2040266e+00   7.3789563e+00  -7.3751058e+00   9.1816483e-01  -3.9619861e-01   9.7483233e-01   2.2293927e-01   1.9842818e+01
   3.0459099e+00   3.3014558e+00  -5.5259406e+00   1.5581782e+00   7.9905066e-02  -9.9680248e-01  -6.6687505e-01   7.4516956e-01  -1.0135707e+01
   2.6299535e+00   8.1562112e+00  -3.3111403e+00  -2.2551475e+01  -1.9910651e-01  -9.7997786e-01  -2.1336808e-01  -9.7697189e-01  -7.1515858e+00
  -1.0516199e-03   1.3409567e-02  -5.2792122e-03   7.1305811e-03  -5.5153183e-03  -9.9998479e-01  -3.6954435e-03  -9.9999317e-01  -1.7308415e+01
  -7.7312055e-01   1.9743138e-01  -3.1188214e+00  -8.5300407e+00  -7.4560638e-01   6.6638662e-01  -5.7369923e-01  -8.1906605e-01  -4.4301365e+00
   4.9910496e-01  -8.0505704e-01   5.0887979e+00  -4.2162507e+00   5.5755865e-03  -9.9998446e-01   7.9029858e-01  -6.1272193e-01   1.2428011e+01
   1.6291796e+00   5.3293016e+00  -7.8812232e+00  -5.0993649e+00  -9.2317083e-01  -3.8438994e-01  -8.3422091e-01   5.5143039e-01   2.4518889e+00
  -2.0486017e-01  -3.1884454e+00   6.3967939e+00  -6.6297478e+00  -5.2266678e-01  -8.5253706e-01   1.4218411e-02   9.9989891e-01  -6.7484051e+00
   6.3471734e-01   1.6416684e+00  -1.0790303e+00  -3.8503602e+00   9.9846632e-01   5.5362577e-02  -5.6477184e-01   8.2524709e-01  -1.8127031e+01
   5.4494329e-02  -2.6106026e+00   5.1311852e+00   8.3156963e+00  -5.2894668e-01  -8.4865506e-01   7.2914559e-01  -6.8435861e-01   1.3485385e+01
   6.5188408e-01  -8.5974718e-01  -6.1939439e+00  -1.5700755e+01   6.5966887e-01   7.5155638e-01  -7.1357699e-01  -7.0057682e-01  -3.2027135e+00
  -7.0263847e-01  -6.2904797e-01  -2.3354097e+00   9.9897491e-01  -2.0052528e-01  -9.7968853e-01  -9.1747131e-01  -3.9780195e-01   7.3933078e+00
  -3.6158062e-01  -4.7755779e-02  -2.1371575e+00  -2.5813864e-01   2.4722921e-01  -9.6895703e-01  -6.6921861e-01  -7.4306558e-01  -1.7752970e+01
   6.9218472e-01   2.1949040e+00  -6.4051739e+00   8.7679064e+00  -1.5285048e-01  -9.8824933e-01   4.4407326e-03  -9.9999014e-01   1.4612959e+01
   4.8512724e+00   2.6443762e+00  -5.8502304e+00  -5.9335585e+00   3.4222254e-01   9.3961893e-01   8.3265176e-01   5.5379694e-01  -9.4769410e+00
  -2.5611465e+00  -1.3245415e+00  -6.9342214e-01   1.2093803e+00  -6.3095746e-01  -7.7581743e-01   2.8887839e-01  -9.5736580e-01   1.4240120e+01
  -1.0615469e+00  -3.8687183e-01   7.6864193e+00  -1.1120022e+01  -8.8898117e-01  -4.5794375e-01   2.0866550e-01  -9.7798707e-01   7.6635876e+00
   3.5915641e+00   5.9425442e-01   1.1770622e+00  -1.1627325e-01   7.5582475e-01  -6.5477397e-01  -8.0911986e-01   5.8764365e-01   1.6853456e+00
  -3.8575696e-01  -7.8057651e-01  -1.2945376e+00   3.2508202e+00  -4.0512942e-01  -9.1425935e-01  -1.5401618e-01  -9.8806833e-01  -7.0628578e+00
   1.3922261e+00   5.3899214e-01   6.2440828e+00   2.6282869e+00  -7.6998141e-01  -6.3806632e-01   9.9624433e-01   8.6586534e-02  -1.9819318e+01
   1.3033110e+00   1.0317982e+00  -4.3897575e+00   1.9719067e+01   8.1075164e-01  -5.8539028e-01   9.9996854e-01  -7.9320818e-03  -6.3459721e+00
   2.2994308e-01  -1.7315850e-01  -2.9728164e+00   7.0111027e+00  -7.8495797e-01  -6.1954901e-01   6.8850301e-01  -7.2523348e-01   4.5888475e-01
   1.4415619e+00  -1.9314997e-01  -5.6345581e+00   8.1395896e+00  -9.9673771e-01   8.0708995e-02  -9.0711989e-01  -4.2087232e-01  -1.0301213e+01
  -4.6087412e-01   4.7330606e-02  -3.2793256e+00   3.2615044e+00  -2.5212170e-01  -9.6769554e-01  -7.2905367e-01  -6.8445653e-01  -2.6674866e+00
  -5.1014004e-01  -1.1678093e+00  -1.3400113e+00   4.7621528e+00  -5.5970095e-01  -8.2869466e-01  -4.5407657e-01  -8.9096266e-01  -3.2328302e+00
   5.0906681e+00   8.2196866e-01  -5.0732589e+00  -1.3036148e+01  -4.9145853e-01   8.7090098e-01  -3.8197685e-01   9.2417189e-01  -1.9934553e+01
   2.3474352e-02  -1.6798507e-01   4.8639177e-01  -3.2739319e-01   4.6294241e-02  -9.9892785e-01  -1.0130812e-02  -9.9994868e-01   6.6290944e+00
   0.0000000e+00   0.0000000e+00   0.0000000e+00   0.0000000e+00   1.2246468e-16  -1.0000000e+00   1.2246468e-16  -1.0000000e+00  -1.8967285e+01
   3.8476910e-01   1.9810860e+00  -5.5469727e+00   1.2744459e+01  -2.6253906e-01  -9.6492137e-01  -9.8937633e-01  -1.4537703e-01  -1.6837425e+01
   3.1879390e+00   2.3497386e+00  -4.1148734e+00  -7.0652884e-02   3.1989863e-01  -9.4745177e-01  -6.4603159e-01   7.6331067e-01   9.1675461e+00
   8.3305633e-01   1.4578561e+00   3.4267542e+00  -6.0827027e+00   8.5523802e-01  -5.1823539e-01  -7.5235726e-01  -6.5875530e-01   9.3360265e+00
   4.6995823e+00   3.4193032e+00  -5.6024810e+00  -5.0578945e+00   5.9305313e-01   8.0516333e-01   9.5093486e-01   3.0939117e-01  -8.9064152e+00
   1.9355525e+00   8.1504942e-01   3.3563991e+00   3.1072721e+00  -9.6010122e-01   2.7965274e-01  -9.6203170e-01  -2.7293773e-01  -1.4925195e+01
   7.6300281e-01   1.3330114e+00   2.3863595e+00  -5.1065575e+00   9.2083309e-01  -3.8995694e-01  -9.0377624e-01  -4.2800527e-01   6.0288917e+00
   2.0153677e+00  -2.4988339e+00  -3.2353034e+00   1.3813484e+01   9.9075002e-01  -1.3569969e-01   8.5181818e-01  -5.2383756e-01  -2.1394810e+00
  -6.8632159e-01   8.2086083e-02  -1.3673780e+00  -1.4865598e+01  -3.8192952e-01  -9.2419145e-01  -9.9972180e-01   2.3586592e-02   1.7826302e+01
   1.9897380e-03  -7.5186309e-03   8.1457066e-03  -6.6900367e-03   7.8152406e-03  -9.9996946e-01   4.7986536e-03  -9.9998849e-01  -1.9714608e+01
  -1.4646429e+00  -1.1702542e+00  -1.6586307e-01  -1.5171828e+00   6.2189274e-01  -7.8310244e-01  -3.1436352e-01  -9.4930268e-01  -7.3405072e+00
   1.6638987e+00   2.4610502e+00   1.0724586e+00   1.2393857e+01   1.3202926e-01  -9.9124582e-01   9.5043259e-01  -3.1093070e-01  -1.5036798e+01
   1.4171638e+00  -1.2508018e-01   4.4798304e+00   8.4402607e+00  -9.7691446e-01   2.1363086e-01   6.2415246e-01  -7.8130257e-01   6.3386743e+00
   7.0231416e-01  -1.0960471e+00  -5.3670337e+00  -1.3959284e+01   8.5210923e-01   5.2336398e-01  -9.9966977e-01  -2.5697264e-02  -8.3188065e+00
   2.1814301e+00   3.8384706e-01   7.1143814e+00   9.8343077e+00  -7.6080813e-01  -6.4897688e-01   9.8155125e-01  -1.9119923e-01   1.2643657e+01
  -3.5088481e-02  -9.3030839e-01   1.5124949e+00   1.7658032e+00  -3.4183136e-01  -9.3976131e-01   2.5693352e-01  -9.6642908e-01   1.5620423e+01
   1.4525177e+00  -1.4711855e-01  -3.4563990e+00   5.7370551e+00  -9.5365687e-01   3.0089629e-01  -7.1365893e-01  -7.0049334e-01  -8.4492607e+00
  -5.5694761e-01  -1.0157650e+00  -1.9784062e+00   4.7723888e+00  -4.7666289e-01  -8.7908617e-01  -6.3034116e-01  -7.7631825e-01  -4.4821779e+00
  -3.6618324e-01   2.6932471e+00   6.6303090e-01  -1.7008312e+01   6.6892798e-01  -7.4332722e-01   3.1911281e-01  -9.4771674e-01  -1.8472100e+00
   0.0000000e+00   0.0000000e+00   0.0000000e+00   0.0000000e+00   1.2246468e-16  -1.0000000e+00   1.2246468e-16  -1.0000000e+00   7.2131365e+00
  -5.0251499e-01  -1.1640509e+00  -1.2108680e+00   4.6002480e+00  -5.4758640e-01  -8.3674915e-01  -4.2804608e-01  -9.0375691e-01  -3.5521005e+00
  -2.3562122e-01  -1.9077330e+00   2.3636237e+00   1.7271937e+00  -4.0470393e-01  -9.1444777e-01  -7.0332534e-03  -9.9997527e-01  -1.7632498e+00
   3.9982534e-01   3.0113679e+00  -2.2383660e+00  -8.3216555e-01   9.9499131e-01  -9.9961433e-02  -3.7363674e-01   9.2757511e-01  -1.3566160e+01
   2.3912146e-01  -2.5125298e-02  -3.3664350e+00   3.7448266e+00   4.3297718e-01  -9.0140488e-01  -9.9352057e-01  -1.1365244e-01   1.2927513e+01
  -6.9852022e-01  -1.4469854e+00   2.5065606e+00  -5.1844406e+00  -1.1807393e-01  -9.9300481e-01  -2.3914115e-01  -9.7098481e-01  -6.1386988e+00
   2.7457145e-01  -1.2550971e+00   1.1664927e+01   1.3958836e+01  -1.5075844e-01  -9.8857063e-01   5.8736020e-01   8.0932564e-01   9.3143602e+00
  -1.7623108e-02   7.8051525e-03  -1.2652884e-02   8.0138636e-03   2.4502845e-03  -9.9999700e-01  -5.5326672e-03  -9.9998469e-01  -1.3327815e+01
  -1.8782806e-01   1.7711539e+00  -3.7982975e+00  -7.8481933e+00   5.3918129e-01  -8.4218972e-01   5.5980759e-01   8.2862263e-01   1.9939817e+01
  -4.5945466e-01  -1.4368627e-01  -3.2249805e+00   4.6538461e+00  -4.0906757e-01  -9.1250409e-01  -5.7587198e-01  -8.1753988e-01  -1.0646248e+00
   2.2884455e-01  -1.0777217e+00   6.1859265e+00   2.0117335e+00  -4.5874689e-01  -8.8856699e-01  -7.6943328e-01  -6.3872719e-01   1.9251010e+00
  -1.1339990e-01   2.6066304e+00  -4.3051103e+00  -8.3593701e+00   6.4584360e-01  -7.6346974e-01   6.6613756e-01   7.4582890e-01   1.9720167e+01
   3.9090291e-01  -1.2532936e+00   5.1475807e+00   9.8303004e+00  -5.0723584e-01  -8.6180729e-01   3.1593928e-01   9.4877941e-01   5.2922656e+00
   3.3116372e+00   2.5463823e+00  -4.6280081e+00  -1.6532857e+00   5.2170472e-01  -8.5312612e-01  -6.8159886e-01   7.3172604e-01  -1.0529545e+00
   3.7973509e+00   1.5741670e+00   2.1539560e+00  -7.7016465e+00  -9.7005851e-03  -9.9995295e-01  -9.5837091e-01  -2.8552618e-01  -1.7735596e+01
  -6.7402328e-01   1.1801209e+00  -4.9984883e+00  -3.0311734e+00   1.5801436e-01  -9.8743681e-01  -8.8026988e-01  -4.7447333e-01   1.9866053e+01
  -6.0969576e-01  -1.0808570e+00  -1.3900011e+00   2.0541599e+00  -2.8567600e-01  -9.5832626e-01  -8.2945507e-01  -5.5857344e-01   1.3301188e+00
   5.4049845e+00   4.3893269e+00  -1.3519070e+01  -4.2898890e+00  -7.6176924e-01  -6.4784846e-01  -8.9299440e-01  -4.5006778e-01  -3.6098541e-01
   4.5129315e-01   6.5303210e-01  -9.1773724e-01   9.9100294e+00  -1.0958867e-01  -9.9397702e-01  -9.2170261e-01   3.8789728e-01  -8.1363044e+00
   1.8838828e+00   1.2040657e+00   5.1533161e+00   9.3389701e-01  -9.9755471e-01   6.9889944e-02  -9.2922381e-01  -3.6951740e-01  -1.5264345e+01
  -6.6273069e-01   2.1491656e-01  -2.9457067e+00  -2.3704591e+00   7.3440023e-02  -9.9729964e-01  -8.3381263e-01  -5.5204755e-01   1.5242031e+01
   3.9892520e-01   3.5200221e+00  -3.6242145e+00  -3.2127463e-01   9.8526907e-01  -1.7101129e-01   2.2004660e-01   9.7548936e-01  -1.5517611e+01
  -6.9807415e-01  -6.1623613e+00   1.5935558e+01   9.3590797e-01   3.4542183e-01  -9.3844752e-01  -8.5155541e-01  -5.2426461e-01   1.9375848e+01
  -3.8929162e-01   1.4637985e+00  -3.6651992e+00  -4.9231569e+00   3.3011347e-01  -9.4394126e-01  -6.5592117e-01  -7.5482940e-01   1.9277820e+01
  -1.3345253e-01  -2.3164247e+00   4.2171575e+00  -1.7433549e-01  -2.6064812e-01  -9.6543387e-01   6.5792862e-02  -9.9783330e-01  -4.9675496e+00
   2.0334668e-01  -8.4251184e-01   2.7248616e+00  -2.0352625e+00   9.1904533e-01  -3.9415184e-01  -7.3562111e-01  -6.7739322e-01   1.0842360e+01
  -3.5190212e+00  -5.4279214e-01  -1.5878549e+00  -2.9011760e-01   6.2910492e-01  -7.7732040e-01  -3.0584932e-01  -9.5207993e-01  -1.3803744e+01
  -7.3883857e-01   1.0377909e+00  -8.0937467e+00  -4.9745493e+00  -9.8712240e-01  -1.5996676e-01   4.4542118e-01  -8.9532116e-01   1.3245270e+01
   1.5146779e-01  -8.2804038e-01   2.9117666e+00  -8.3316096e+00   2.5449940e-01  -9.6707293e-01   8.3957868e-01   5.4323811e-01  -1.5110440e+01
   2.7869760e-01  -2.2342324e-01  -5.2181752e+00   8.9126838e+00   9.5445231e-02  -9.9543468e-01  -7.4817960e-01  -6.6349626e-01  -2.8671920e+00
  -1.6757087e-01   1.8035848e+00  -2.3551419e+00  -6.5184060e+00   4.9581593e-01  -8.6842764e-01  -3.5865856e-01  -9.3346882e-01   1.8627841e+01
  -7.6801740e-01   1.7962685e-01  -6.8009427e+00  -6.5753865e+00  -9.7780606e-01   2.0951206e-01   1.6648249e-01  -9.8604441e-01   7.4161619e+00
  -2.8736041e-01  -1.9861519e+00   2.0924802e+00   2.3548149e+00  -4.7902792e-01  -8.7779967e-01  -6.0237805e-02  -9.9818405e-01   3.5689864e+00
  -2.7921526e-01   2.1798896e+00  -2.0754675e+00  -9.0734743e+00   4.7193427e-01  -8.8163373e-01  -1.9298532e-01  -9.8120164e-01   8.2163885e+00
  -3.6458068e-02  -1.4405892e+00   3.0026515e+00  -8.7365592e-01  -7.7069036e-02  -9.9702576e-01   2.4280312e-02  -9.9970519e-01   1.6838700e+01
   1.8219796e+00   1.1964928e+00   6.7908374e+00  -1.0374926e+00  -9.7381521e-01  -2.2734101e-01  -9.3137438e-01  -3.6406286e-01  -1.4616603e+01
   3.6396920e+00   4.4809242e-01   2.5183338e+00  -4.5826956e-01   6.1207799e-01  -7.9079740e-01  -8.1603299e-01   5.7800533e-01   5.4434865e+00
  -9.7921203e-01  -3.7879959e+00   1.7364067e+01  -1.9278150e+01  -4.9903482e-01  -8.6658193e-01  -4.8255501e-01  -8.7586566e-01   1.6151556e+01
   2.1722316e+00  -6.9310933e-01   8.9737787e+00   5.8255809e-01  -6.2475278e-02  -9.9804651e-01   9.2513354e-01   3.7964184e-01   9.7262957e+00
  -5.9299295e-02   6.4131900e-01  -1.9150366e+00   1.3131271e+00  -9.5134218e-02  -9.9546445e-01  -9.9372365e-03  -9.9995062e-01  -1.2396341e+01
  -3.9817454e-01   1.5330602e+00  -5.7407511e+00   1.9038636e+00   5.7219483e-02  -9.9836162e-01  -6.4771665e-01  -7.6188132e-01  -1.9333477e+01
   7.7118203e-01   2.0680487e-01   1.3668251e+00  -7.2618111e+00   9.5363467e-01   3.0096663e-01  -5.6753181e-01  -8.2335147e-01  -9.3603429e+00
   4.3173444e-02   6.8308499e-01  -2.7840084e+00   3.7457600e+00  -4.6968563e-02  -9.9889637e-01  -2.1040488e-01  -9.7761433e-01   1.5522139e+01
   1.0256700e-02   2.4308102e+00  -7.6994221e+00  -9.0265442e+00   6.1905158e-01  -7.8535033e-01  -9.7371610e-01   2.2776515e-01   1.9761352e+01
   1.4466768e+00  -4.4543422e-01  -2.6374000e-01   1.9438118e+00   9.6273476e-01  -2.7044737e-01   9.4699937e-01   3.2123541e-01   3.9837270e+00
  -4.2482475e-01   6.2268916e-02  -2.0323157e+00  -1.5196802e+00   1.4136928e-01  -9.8995693e-01  -7.8590685e-01  -6.1834490e-01   7.3811041e+00
   1.1750617e+00  -3.1355864e+00   6.5462208e+00   1.6506404e+01   8.3999022e-01  -5.4260153e-01  -3.4195706e-01  -9.3971558e-01  -1.6311628e+01
   7.0796916e-02   1.4122670e+00  -2.6042324e+00   3.2200558e-01   1.2365694e-01  -9.9232503e-01  -5.6532437e-03  -9.9998402e-01  -1.7984547e+01
   2.2529409e+00   7.0632823e+00  -6.0544091e+00  -1.5567213e+01  -4.0015425e-01  -9.1644780e-01  -9.2933735e-01  -3.6923175e-01   5.4225191e+00
   2.4119790e-01   2.3329523e-02   3.0807488e+00   1.4348664e+01  -7.8384659e-01  -6.2095453e-01   8.5511895e-01  -5.1843185e-01  -2.0951004e+00
   4.9002023e-01  -1.8820022e+00   6.3179615e+00  -2.2097825e+00   7.3313812e-01  -6.8007977e-01   8.9433609e-01   4.4739575e-01   1.9573325e+01
  -7.7737085e-01  -1.6714528e+00   2.5977753e+00  -4.8628650e+00  -2.4992604e-01  -9.6826493e-01   1.9620411e-02  -9.9980750e-01  -1.3110521e+01
   4.8490050e-01   2.3305818e-01   2.4977056e+00  -1.8539369e+00  -1.7988036e-01  -9.8368850e-01   8.6906414e-01  -4.9469943e-01  -2.4204319e+00
   5.2457571e+00   2.1483180e+00  -1.0912116e+01  -4.5862272e+00  -9.9537628e-01  -9.6052357e-02  -9.6397383e-01  -2.6599711e-01  -3.9753208e+00
  -2.4704651e-01   9.9757886e-01   2.9866771e+00  -1.6220846e+01   5.6328753e-01  -8.2626095e-01   9.4739702e-01  -3.2006076e-01   1.2101028e+01
  -5.2253822e-01   7.3707726e-01  -1.5841422e+00  -1.2446069e+01  -9.1060978e-01   4.1326727e-01   1.6916886e-01  -9.8558708e-01   2.7955969e+00
   1.4276880e+00   6.2120239e-01   2.4783055e+00   4.8389983e+00   7.6621810e-01  -6.4258059e-01   7.7969985e-01  -6.2615345e-01   1.7037671e+01
  -6.9090838e-01  -4.1724067e-01  -2.3696923e+00  -3.0073410e-01  -1.1227450e-01  -9.9367723e-01  -8.7684399e-01  -4.8077501e-01   1.0531514e+01
  -5.9479857e-02   2.4625295e+00  -1.1277552e+00  -9.9123396e+00   5.7455978e-01  -8.1846262e-01   4.1732363e-02  -9.9912883e-01   1.0216023e+01
   1.0719537e+00   1.2329381e+00  -8.6517451e+00  -1.7126190e+01   2.0047355e-01  -9.7969911e-01  -3.5640082e-02   9.9936469e-01  -1.6605052e+01
  -7.1859780e-01  -1.9383149e-02  -3.3029825e+00  -5.1294942e-01  -5.9780536e-02  -9.9821154e-01  -9.2341009e-01  -3.8381481e-01   1.3682763e+01
  -1.8055161e+00  -3.7861445e+00   6.7107916e+00  -4.7805234e+00   2.6960225e-01  -9.6297177e-01   4.1596845e-02  -9.9913448e-01  -9.9121313e+00
   1.4695425e+00  -4.6831300e-01  -1.0079107e+00   1.6405929e+00   9.5361651e-01  -3.0102417e-01   9.1424359e-01   4.0516498e-01   2.8502158e+00
  -4.9420998e-01   3.7092043e-01  -5.6529901e+00  -1.5003141e+01  -9.7021148e-01   2.4225952e-01   7.5507793e-01  -6.5563505e-01  -9.4548408e+00
  -3.0976386e-01  -5.3707825e-01  -4.7634812e-02   9.6492315e-01  -4.5132103e-01  -8.9236166e-01   6.1765216e-02  -9.9809071e-01  -8.4061744e+00
  -4.0159624e-02  -1.4888846e+00   3.5046861e+00  -2.1151869e+00   2.6647754e-02  -9.9964489e-01  -8.8579549e-02  -9.9606911e-01   9.5402327e+00
  -6.4297937e-01   1.5091270e+00  -4.7898972e+00  -4.9716600e+00   2.4887184e-01  -9.6853643e-01  -7.5040852e-01  -6.6097432e-01   1.9772681e+01
  -3.5691618e+00  -1.4554004e+00   2.5488048e-01   1.0281875e-03   6.5427761e-01  -7.5625446e-01  -2.9810398e-01  -9.5453340e-01   4.8216303e-01
  -3.9836016e-01  -1.4163101e+00   7.1651337e-01  -8.8451471e-01   2.8091159e-01  -9.5973365e-01  -6.4645202e-01  -7.6295464e-01  -1.4169759e+01
  -3.3419188e+00  -2.3669213e+00   2.2077981e+00  -5.3421908e-01  -4.0573898e-01  -9.1398899e-01   3.7353342e-01  -9.2761672e-01   1.2257047e+01
   2.6731090e+00   3.1302162e+00  -4.8832370e+00   7.6193949e+00  -4.8022469e-01  -8.7714551e-01  -9.3867959e-01   3.4479071e-01   1.2708190e+01
   3.7203931e-01  -3.2830126e-01   1.0195313e+01   5.5170812e+00  -5.1312274e-01   8.5831524e-01  -3.3030740e-02  -9.9945434e-01  -1.0959083e+01
  -9.5412089e-02  -7.0122580e-01   1.7740339e+00  -1.5471133e+00  -1.0823096e-01  -9.9412578e-01   7.2690487e-03  -9.9997358e-01  -1.7309730e+01
   1.7261350e+00  -2.8295391e+00   3.5005616e+00   9.8492830e+00   9.8606457e-01  -1.6636302e-01  -1.4519310e-01  -9.8940334e-01   1.6294222e+01
  -2.5065044e-01  -1.8487037e+00   2.7503677e+00   4.1972709e-01  -3.9169466e-01  -9.2009526e-01   9.8882076e-02  -9.9509916e-01   1.7708788e+01
   4.1356078e-01  -1.1184426e+00   5.3797748e+00   2.5569729e+00   5.0419747e-01  -8.6358839e-01   8.9913341e-01   4.3767466e-01   1.9952430e+01
   1.2720870e+00   2.1921732e+00   3.0715567e+00  -4.9984964e+00  -3.8597465e-01  -9.2250939e-01   9.9877872e-01  -4.9407087e-02  -1.9928727e+01
   3.2053275e-02   5.9375150e-01   1.8973180e+00  -1.2382958e+01   4.8308202e-01  -8.7557510e-01   9.9983754e-01  -1.8024929e-02  -1.5279017e+00
  -1.7288905e-01   1.9978113e+00   6.1532764e-01  -1.2193517e+01   5.0528320e-01  -8.6295358e-01   3.3322761e-01  -9.4284641e-01  -1.7981071e+00
  -2.6722879e-01   2.2735338e-01   1.6667380e+00  -1.2485527e+01   4.3843597e-01  -8.9876243e-01   9.9933390e-01  -3.6493189e-02   5.5734436e+00
   1.7000501e-01  -4.9248696e-01   3.2088168e+00  -3.9457596e+00   8.5124127e-01  -5.2477453e-01  -6.2749520e-01  -7.7862043e-01   1.4222004e+01
   1.7613197e+00   1.4171909e+00  -6.7822610e-01   1.6808089e+01   1.1727902e-01  -9.9309900e-01   5.1329997e-01  -8.5820926e-01  -1.1413236e+01
   1.5234989e+00   1.2510346e+00   3.2877686e+00   3.8064865e+00   5.5557839e-01  -8.3146416e-01   4.3194292e-01  -9.0190095e-01   2.2121261e+00
   1.4065650e+00   3.0933373e-01  -2.9460049e+00  -1.0121511e+01  -3.3846336e-02  -9.9942705e-01   9.6526128e-01  -2.6128655e-01   9.5823584e+00
  -2.5894494e-01  -2.7946270e+00   5.5285508e+00   1.5572072e+01   9.9395353e-01  -1.0980156e-01   1.2002893e-01  -9.9277039e-01  -1.6371764e+01
   4.6593236e-01  -6.5270069e-02   1.8791908e+00   9.9170440e+00  -1.3464646e-01  -9.9089370e-01  -6.2947170e-01   7.7702341e-01  -9.4096095e+00
   3.7186534e-02   3.3706731e+00  -5.1348525e+00  -4.5901237e+00   8.1090930e-01  -5.8517187e-01   3.9284908e-01   9.1960296e-01   1.5791672e+01
   3.0007785e-01  -6.1384343e-01   2.4592913e+00   8.6466863e+00  -8.0212679e-01  -5.9715376e-01   9.5266208e-01   3.0403120e-01   2.4275637e+00
   8.5334883e-01   6.1801921e-01  -1.0332769e+00  -6.9143831e+00   9.8706465e-01   1.6032273e-01  -4.2320663e-01   9.0603320e-01  -1.4153306e+01
   2.2738339e+00   5.8588918e-01   1.7891026e+00   1.1147980e+01  -9.5848619e-01  -2.8513894e-01   3.7895685e-01  -9.2541434e-01   1.0662141e+01
  -5.5280335e-01  -7.8883239e-01  -2.0832043e+00   3.5052328e+00  -3.3330219e-01  -9.4282005e-01  -7.5437149e-01  -6.5644776e-01  -2.3672854e+00
