  -2.7827329e-01
   3.8540287e-01
  -3.6261432e+00
  -1.5604559e+00
  -3.4249698e-01
   3.0071192e+00
   3.1983884e+00
   4.4337336e+00
  -4.8458171e-01
  -4.3911757e+00
  -2.5505701e+00
  -5.7926950e-01
  -2.7542345e+00
  -1.3505784e+00
   2.2167047e+00
   3.8002575e+00
  -1.1259135e+00
   1.9853691e+00
  -1.2251601e+01
   6.0271319e-02
   1.0757849e+01
  -1.3023799e+00
  -3.0825611e-01
  -2.7372634e+00
   4.1737273e-01
  -2.7946806e-01
   6.8158881e+00
   1.5616183e-01
   6.7089154e-01
  -3.9566496e+00
   3.3621572e+00
   3.0635772e+00
  -1.5365064e-01
   4.5860451e-01
  -1.3758745e+00
   8.6732021e-01
   2.7823595e+00
  -6.2963911e+00
  -1.5621854e+00
   9.9751819e-01
   3.7788182e+00
   8.3503979e-01
   9.8811160e-01
   4.6235839e-01
   1.4373982e+00
   2.5082324e+00
  -3.5958806e+00
  -1.0029683e-01
   9.4157032e-01
   8.5803005e-02
  -1.5729054e+00
  -9.3402214e-01
  -2.4269953e+00
  -4.2955489e+00
  -2.0139652e+00
   2.0921440e+00
  -4.8651654e+00
   2.3688952e+00
  -1.4732292e-01
   1.6746468e+00
   3.1176336e+00
  -1.5842966e+00
  -1.4854667e+00
   2.3154863e+00
   2.1646787e+00
   7.1276873e-01
  -5.4649198e+00
  -3.5216308e-01
  -1.6806426e+00
   8.8731991e-01
  -1.1783389e+00
   1.3548209e+00
  -1.8692670e+00
  -9.1074112e-01
  -2.0707842e+00
  -1.6338780e+00
  -1.5063400e+00
  -2.2961556e+00
   2.6378432e+00
   3.4437513e-01
   1.8233530e+00
  -1.6503667e+00
   6.2502264e+00
  -2.2622652e+00
   3.3813524e+00
  -3.3017453e-01
   3.9211483e+00
  -1.0394421e+00
   1.0215686e+00
  -2.1310093e+00
   2.4152280e+00
   1.5547572e+00
   6.2772656e-01
   3.3024591e+00
  -6.0231328e-02
  -9.2150605e-01
   3.5274545e+00
   3.3541545e+00
   2.2578405e+00
   5.7179609e+00
  -4.0337304e-01
  -1.3569868e+00
   2.0634918e+00
  -1.4127504e-02
  -4.6258632e+00
   2.0879256e-01
   4.1032542e-01
  -1.6425465e+00
  -1.8969545e+00
  -1.1147752e+00
  -2.5679696e+00
  -3.3506551e+00
   1.3950640e+00
  -3.6511223e+00
   3.6118150e+00
   2.1073258e+00
  -4.6989093e+00
   1.9485498e-01
  -2.0329938e+00
   2.6130701e+00
   8.9883149e-01
  -1.0777770e+00
  -1.3596527e+00
  -8.3905888e+00
   7.9789605e-01
  -2.2867125e+00
  -5.3166848e-01
   3.3640443e+00
  -1.2393847e+00
  -2.6912669e+00
   1.5785632e+00
   1.9760767e+00
   1.9651822e+00
   7.9708160e-01
   7.4626409e-01
  -2.2040758e+00
   6.5515228e+00
   6.1088906e+00
   1.3389806e+00
   3.9413733e-01
   1.0508305e+00
  -1.8783926e+00
   5.0094841e+00
   6.7998292e-01
  -2.6591996e+00
  -1.9301437e+00
  -5.0942360e+00
  -2.7543025e+00
  -1.9574386e+00
  -4.5744189e+00
   4.5641352e-01
   1.3031253e-01
   4.4386841e-01
   2.9169221e+00
  -6.8417599e-01
   3.1842913e+00
  -2.5266425e+00
  -1.3243992e+00
   3.2783442e+00
   3.6772937e+00
   4.2535214e-01
   1.4212835e+00
  -6.5729534e-02
  -9.6044408e-01
   4.0637976e-01
   4.5570240e+00
  -2.4614763e+00
  -8.9019844e-01
  -4.1177006e+00
   1.8132337e+00
   1.2746112e+00
  -1.8701219e+00
   6.5946193e-01
  -1.0140791e+00
   3.7366015e-01
  -1.0525791e+00
  -1.1746244e+00
   8.8162626e-01
  -2.1551883e+00
   2.9518857e+00
   3.0942553e+00
   2.2373563e+00
  -5.2182531e+00
   2.5347683e+00
   3.8279736e+00
   1.6154945e-02
  -6.1429266e-01
  -1.8879630e+00
  -1.6243913e+00
  -3.7610605e+00
   4.2232395e-01
  -2.2973009e+00
  -5.3870782e+00
   3.7024906e+00
   2.3020844e+00
  -1.6406300e+00
   3.9661950e+00
  -4.4508355e+00
  -4.1549960e+00
   7.6014001e-01
   9.0080557e+00
   2.7198110e+00
   1.5671124e+00
   8.2991485e-01
   3.6817790e-01
   8.2196973e-01
  -1.0736442e+00
  -6.3846083e+00
  -1.8309985e+00
  -2.8157732e-02
   9.3428061e-02
   1.2644991e+00
   3.3330419e+00
   1.0736220e+00
   1.4175543e+00
  -4.4047517e-01
  -3.9594636e+00
  -1.1521384e+00
  -3.7727724e+00
  -1.8577218e+00
  -1.9972479e+00
   2.3095259e+00
   1.2065698e+00
   1.4460714e+00
  -1.3806540e+00
  -2.6377750e+00
  -2.0499540e+00
  -1.1861016e-01
   1.6517484e+00
   1.9317112e+00
  -2.2131554e+00
   1.0107965e+00
   1.3109678e+00
   1.1926016e+00
   3.7899953e-01
   3.6751988e+00
  -4.8839075e-01
   8.8855626e-01
  -4.3087583e+00
   2.2475946e-01
   9.9433403e-01
   2.6811606e+00
   2.4662442e+00
  -2.8143442e+00
  -2.0146610e-01
   4.0124520e+00
   9.0429979e-01
  -4.4375589e+00
  -2.0924524e+00
  -7.5644373e-01
  -2.2512762e+00
   6.4029781e-01
  -1.1971586e-01
   5.5208426e-01
  -1.3618939e+00
  -3.7241884e-01
  -3.6129022e+00
  -1.2055266e-01
  -1.2153061e+01
  -3.2597944e-01
   7.4961781e-01
  -2.4123773e+00
  -4.5721626e-01
   3.7130117e+00
   4.3889847e-01
  -1.9389562e+00
   4.5280534e+00
  -5.5171329e+00
   8.1716643e-01
   3.2934329e+00
   1.3952769e-01
   4.7812401e+00
  -2.2585766e+00
  -8.9366243e-01
  -1.4083547e+00
   9.0752707e-02
   9.8430557e-01
   3.4400998e+00
   6.7166933e-01
   7.9444108e-02
   2.1039915e+00
  -1.3272761e+00
  -9.6668047e-01
   4.8855934e+00
   2.9753772e+00
   4.5346600e+00
  -1.0635886e+00
   1.1539954e+00
   9.0793235e-01
   2.5894738e+00
   4.6968290e-01
   1.5007819e+00
   1.5404026e+00
  -1.3240361e+00
   3.6380085e+00
   5.1870330e-03
   1.4083807e+00
  -4.4789888e-01
   6.7614689e-02
   1.0598870e+00
   8.3519524e+00
  -1.4882176e+00
   6.9882810e-01
   1.7888430e+00
   5.4324496e-01
   2.2428249e+00
  -1.6813297e+00
   1.4857961e+00
   5.1945182e-01
   3.6247910e+00
   2.6639566e+00
  -6.4934446e+00
   1.6992069e+00
   1.2928708e+00
   1.7536495e+00
