   4.4345499e-01  -8.0946234e-01   4.2298538e+00   1.0110704e+01  -2.8808561e-01  -9.5760466e-01  -1.7717334e-01   9.8417966e-01  -8.0768516e+00
   7.7500253e-01  -9.6026925e-02   3.0698575e+00  -5.7688734e+00   9.8146226e-01   1.9165551e-01  -2.7744707e-01  -9.6074093e-01  -7.8399725e+00
   2.8565184e+00   4.2192365e+00  -6.4921024e+00   5.1826471e+00  -2.2053397e-01  -9.7537929e-01  -7.7791030e-01   6.2837534e-01  -1.3452141e+01
   7.3175453e-01   4.1025550e-01  -1.5176810e+00  -8.0985151e+00   9.8534448e-01   1.7057624e-01  -9.3000704e-01   3.6754171e-01  -1.5388614e+01
   4.9810910e-01  -1.1344501e-01   9.8083321e-01   4.2428925e+00  -5.3270761e-01  -8.4629936e-01   7.0931290e-01  -7.0489376e-01   1.8140306e+01
  -6.4735711e-01   1.6117311e+00   4.0007980e-01  -1.9215883e+01  -3.6156787e-01  -9.3234579e-01  -6.8828963e-01  -7.2543600e-01   1.9960840e+01
   1.4258468e+00  -1.1109755e+00   2.5140841e+00  -1.3320581e+01  -5.2753674e-02  -9.9860756e-01   6.6817969e-01  -7.4399993e-01   1.5274283e+01
   7.7063779e-02   1.1131161e+00  -6.6997410e+00  -1.9963888e-01   5.6472214e-01  -8.2528110e-01   9.5077627e-01   3.0987816e-01   1.0668851e+01
   1.9417292e+00  -4.9670032e-01  -1.7567444e+00   6.8150057e+00  -9.3616894e-01   3.5155045e-01  -8.5374092e-01   5.2069804e-01  -4.0811240e+00
  -2.9236504e-01   2.3576528e+00  -3.3438411e+00  -8.5789502e+00   4.9637945e-01  -8.6810566e-01  -3.7174254e-01  -9.2833587e-01   1.9641310e+01
   1.2912016e+00  -1.4504002e+00  -1.0117184e+00   1.9049186e+01   9.0693872e-01  -4.2126258e-01   5.0510329e-01  -8.6305890e-01  -1.7771853e+01
   3.6088812e-03   1.1699211e-02   8.9428240e-03  -9.0776229e-04  -1.6465164e-02  -9.9986444e-01  -7.9711901e-03  -9.9996823e-01  -1.3219227e+01
  -1.3062044e+00  -4.8024224e-01  -4.6449786e+00   4.1622296e+00   1.9893431e-01  -9.8001283e-01  -1.6676975e-01  -9.8599587e-01   1.2858306e+01
  -6.3109157e-01  -7.1478697e-01  -1.7662704e+00   6.6104985e-01  -1.5478211e-01  -9.8794863e-01  -8.7224460e-01  -4.8906990e-01   3.7947234e+00
   2.1139482e+00  -7.7464816e-01  -2.4173405e+00   1.1584334e+01   7.1481961e-01  -6.9930889e-01  -9.7415864e-01  -2.2586487e-01  -2.6163912e+00
  -2.0222643e+00  -4.6786960e+00   8.1099282e+00  -3.9425827e+00  -1.2349732e-01  -9.9234491e-01   2.9507585e-01  -9.5547383e-01   6.8099740e+00
  -6.1151995e-01  -1.9999049e+00   3.0704200e+00  -4.0698326e+00   2.5840959e-02  -9.9966607e-01  -4.6174748e-01  -8.8701142e-01   6.9181806e+00
  -9.5170308e-02  -4.8943090e-01  -2.3260862e+00   1.0700188e+01  -6.4144378e-01  -7.6717004e-01  -1.1654220e-01  -9.9318574e-01  -2.9229636e+00
  -4.3497706e-01  -4.4078132e+00   1.1382912e+01   1.3176880e+01   8.6195162e-01  -5.0699054e-01  -5.7728490e-01  -8.1654280e-01  -1.3162289e+00
   4.7733961e-01   1.5732766e+00  -2.0906604e+00  -6.4048129e+00   9.1674690e-01  -3.9946854e-01  -7.5261545e-01   6.5846031e-01  -3.7152256e+00
  -4.9857938e-01   4.3711212e+00  -6.2084121e+00  -1.6204519e+01  -2.6757474e-01  -9.6353711e-01   1.8843216e-01  -9.8208621e-01   5.8163605e+00
   1.0209204e-01  -4.8806790e-01  -2.7410917e+00   7.3670121e-01  -8.3536539e-01  -5.4969506e-01  -9.6503801e-01   2.6210999e-01  -4.3315980e+00
  -1.3370371e+00  -8.4337270e-01  -2.1751262e+00   3.5507319e-01   5.5429914e-01  -8.3231752e-01  -3.4089136e-01  -9.4010270e-01  -9.2503724e+00
  -2.4025646e-01   1.0716178e+00  -2.5238877e+00  -3.7801688e+00   3.8224792e-01  -9.2405981e-01  -5.8311262e-01  -8.1239133e-01   1.5645717e+01
   1.4260548e+00  -3.8212292e-01   4.4570071e-01   2.2621177e+00   9.6151026e-01  -2.7476905e-01   9.7553994e-01   2.1982224e-01   5.5361274e+00
   4.9203764e-01   1.2075232e+00   2.2318036e+00  -6.8732818e+00   4.2291460e-01  -9.0616954e-01   2.5431356e-01  -9.6712182e-01  -1.1398178e+01
   3.5222097e-01  -1.5209161e+00   1.0798019e+01   7.1458697e+00   4.2269452e-01  -9.0627222e-01   8.7957451e-02   9.9612423e-01   1.0993022e+01
   3.0754585e-01   1.8968638e+00  -3.3045837e+00  -6.6180119e+00   7.7666990e-01  -6.2990783e-01  -2.0398458e-01   9.7897410e-01  -2.8184752e+00
  -5.3050954e-01  -1.0732024e+00  -7.9467309e+00  -1.6128971e+01  -8.6634229e-01  -4.9945073e-01   6.4877587e-01   7.6097955e-01  -4.2082855e+00
   1.4465698e+00   5.1139883e-01  -7.2735431e+00   9.3165840e+00  -9.6822490e-01  -2.5008107e-01  -9.9968013e-01   2.5291140e-02  -1.2421759e+01
   8.5701199e-01   2.0152238e-01  -1.6807930e+00  -1.2059062e+01   7.8054293e-01   6.2510218e-01  -4.6803045e-01  -8.8371234e-01  -1.5375124e+01
  -1.7417442e-01   1.8045088e+00  -4.4782976e+00  -9.1369695e+00   6.0883777e-01  -7.9329476e-01   3.5146707e-01   9.3620024e-01   1.9989318e+01
   2.0748307e+00  -6.7581513e-01   5.5025261e-01   1.3792338e+01   7.4357163e-01  -6.6865629e-01  -9.2038207e-01   3.9102026e-01   3.1280624e+00
   5.5371364e-01   1.4938308e+00  -1.3013608e+00  -6.3426843e+00   9.4761032e-01  -3.1942867e-01  -9.2145264e-01   3.8849071e-01  -4.6919992e+00
   4.1072407e-01   2.0155730e+00  -2.7031113e-01  -5.4838836e+00   4.6564475e-01  -8.8497173e-01  -5.0715292e-02  -9.9871315e-01  -7.2357588e+00
  -3.5450479e-01  -1.3549023e+00   4.1530710e-01   2.9526752e+00  -4.7324655e-01  -8.8093002e-01  -1.5451548e-01  -9.8799037e-01   7.9236676e+00
   2.3180376e+00   1.2050560e+00  -1.5150254e+00   1.0569197e+01  -9.5997899e-01  -2.8007203e-01  -1.4801817e-01  -9.8898464e-01  -1.4045051e+00
   1.9187170e+00   6.2582199e+00  -7.9770147e+00  -9.2701818e+00  -7.0059989e-01  -7.1355434e-01  -9.7312414e-01   2.3028113e-01   2.4637118e+00
   1.4158387e+00   5.7600407e-02   2.5734647e+00   7.2370006e+00  -9.2447469e-01   3.8124341e-01   2.7708720e-01  -9.6084478e-01   8.6191068e+00
   3.5395945e-01  -2.1898557e-01  -1.3370641e+00  -2.3699235e+00   9.7925314e-01  -2.0264079e-01  -8.8841797e-01  -4.5903540e-01  -8.9628194e+00
   2.1766158e+00   1.0533202e+00   6.6732409e+00  -9.3242526e+00   6.4685129e-01  -7.6261616e-01   9.9258175e-01  -1.2157904e-01  -1.1426396e+01
   3.4263217e+00   2.0633688e+00  -3.3286642e+00  -1.6197792e+00   6.8014337e-01  -7.3307912e-01  -7.4075366e-01   6.7177676e-01  -1.7006988e+01
   1.2080304e+00   3.3126317e-01   4.1211669e+00   1.4177625e+01   8.2091403e-01  -5.7105180e-01   7.9255970e-03   9.9996859e-01   1.2512397e+01
   6.0892936e-01  -3.2661948e-01   1.5278788e+00  -7.7716368e+00   4.2168013e-01   9.0674465e-01   8.2548691e-01  -5.6442126e-01  -8.9864191e-01
  -1.1476059e-01  -1.9113532e+00   3.5160578e+00  -2.3263118e-01  -2.3354238e-01  -9.7234662e-01   4.8784585e-02  -9.9880932e-01  -5.0034526e+00
   7.1591364e-01  -2.6301774e-01   7.0747254e+00  -1.6151808e+01   7.5662011e-01  -6.5385473e-01   9.4089225e-01   3.3870603e-01  -5.8568506e+00
   4.7272178e-01  -4.8570296e-01  -9.8917275e-02   1.3478813e+01   2.7726365e-01  -9.6079387e-01   2.5192119e-01  -9.6774775e-01  -1.2192987e+01
   1.9861612e+00   5.4976415e-01  -2.9621483e+00   7.5853305e+00  -9.3263543e-01  -3.6082011e-01   8.6578932e-01   5.0040869e-01  -7.0334359e+00
  -5.8815089e-01   4.4364930e-01   4.6403842e+00  -1.1536414e+01  -9.6608737e-01   2.5821539e-01  -8.0735671e-01  -5.9006368e-01   2.0888831e+00
   6.9578654e-01   1.3400305e+00   1.1828685e+00  -5.2056439e+00   9.5190388e-01  -3.0639680e-01  -9.8267634e-01  -1.8533000e-01   1.3745816e+00
  -1.3969216e+00  -1.5405961e+00  -5.1207960e-01   5.4084480e-02   6.0825444e-01  -7.9374211e-01  -3.4886209e-01  -9.3717407e-01   8.9910549e+00
  -3.4434724e-02   8.7586011e-01  -2.4541617e+00   1.3686445e+00   2.0123113e-02  -9.9979751e-01  -1.1962546e-01  -9.9281909e-01  -3.2611842e+00
  -1.0588496e+00   3.7177585e-01   4.3506971e+00  -1.0300483e+01  -9.8379096e-01  -1.7931911e-01   6.6535107e-01  -7.4653061e-01   1.1142405e+01
   1.4194938e+00  -1.1691674e+00   5.6192351e+00  -1.6132945e+00   5.6599831e-01  -8.2440640e-01  -7.4878269e-01  -6.6281558e-01   1.4420273e+01
   8.6613469e-01  -2.3569553e-01  -3.0803104e+00  -1.1702456e+01   9.4133153e-01   3.3748327e-01  -9.7554499e-01   2.1979982e-01  -1.3777277e+01
   1.4918744e+00   8.4009279e-01  -5.6603578e+00  -3.3652876e+00   4.6840979e-01  -8.8351133e-01   9.1245731e-01   4.0917191e-01  -3.7258458e+00
   2.5124346e+00   3.1485762e+00  -6.8243108e+00   1.2479246e+01  -7.1007308e-01  -7.0412798e-01  -9.9041897e-01  -1.3809509e-01  -8.5837622e+00
  -9.1715002e-01   1.0131783e+00   5.2025203e+00  -1.3287794e+01  -8.6731854e-01   4.9775351e-01  -8.3130252e-01   5.5582023e-01  -7.6030039e+00
   1.7751291e+00   6.3490307e-01   8.0053731e+00  -8.8088687e-01  -8.2372563e-01  -5.6698861e-01  -9.5218133e-01  -3.0553351e-01  -1.0340439e+01
   8.5479052e-01  -1.4194000e-01  -3.8504952e+00  -1.3716647e+01   8.6494770e-01   5.0186200e-01  -9.1192174e-01  -4.1036416e-01  -1.2711188e+01
  -3.7370841e-02   1.3746237e+00  -3.2007824e-01  -8.2386004e+00   3.9764724e-01  -9.1753837e-01   9.9225317e-01  -1.2423219e-01   1.7499756e+01
  -4.6244057e-02  -3.1178721e+00   7.0259262e+00  -5.0414843e+00  -2.0636478e-01  -9.7847513e-01   2.8600195e-01   9.5822904e-01  -9.8306053e+00
   5.9506498e-01  -2.4696463e-01   3.1239413e+00  -7.3240825e+00   5.2513455e-01   8.5101921e-01   9.7416934e-01  -2.2581872e-01   2.3059798e+00
   1.1190170e+00   8.3684033e-01  -1.6348453e+00   8.6640635e+00   9.0771241e-01   4.1959288e-01   3.6066028e-01  -9.3269725e-01  -1.2927816e+01
  -3.0895749e+00  -2.9068887e+00   5.0075374e+00  -4.3802084e+00  -8.3087889e-02  -9.9654222e-01   1.5157632e-01  -9.8844556e-01   3.1747052e+00
  -3.3428640e-01   2.6319781e+00   8.9820746e-01  -1.6924080e+01   6.7657836e-01  -7.3637064e-01   3.5098494e-01  -9.3638110e-01  -6.3304524e-01
   1.0113212e+00  -1.9510853e+00   6.7882103e+00  -1.2154568e+01   5.0412270e-01  -8.6363204e-01  -4.4448378e-01  -8.9578690e-01  -5.4295592e-01
   6.2366639e-01   2.1973635e+00  -3.2614876e-02  -6.3983137e-01   9.8875580e-01  -1.4953919e-01   8.0245403e-02   9.9677514e-01  -4.0725010e+00
  -4.0895446e-01   4.5277852e-01  -4.0448068e+00   4.4768856e+00  -3.1641953e-01  -9.4861935e-01  -5.1008057e-01  -8.6012662e-01   5.9317487e+00
  -7.3844135e-02  -6.0959391e-02  -1.6569679e-01   4.4123184e-01  -1.4711171e-01  -9.8911988e-01   3.4316860e-02  -9.9941100e-01   8.0316299e+00
  -5.1312790e-01  -8.2677947e-01  -2.1802373e+00   4.6712844e+00  -4.3428162e-01  -9.0077715e-01  -6.0243970e-01  -7.9816440e-01  -3.2249001e+00
   4.9483368e-01   1.6877212e-01   2.2210281e+00  -1.8819443e-01  -2.9432996e-01  -9.5570386e-01   8.9287256e-01  -4.5030944e-01  -1.9812993e-01
  -5.5859538e-01   6.5355256e-01   1.6926017e+00  -1.0588749e+01  -9.1365339e-01   4.0649414e-01  -3.8777716e-01  -9.2175315e-01   7.1427889e+00
   1.4250188e+00   3.1301624e-01   9.7656234e-01   5.6759209e+00  -8.8787746e-01   4.6008001e-01  -4.1925947e-02  -9.9912072e-01   3.4145067e+00
   3.7492229e+00   3.5263982e-01   3.5109002e+00  -5.6389575e+00   1.2874637e-01  -9.9167755e-01  -9.9893900e-01   4.6052892e-02   1.7415497e+01
   5.8618109e-01  -1.7266008e-01   5.0724203e+00  -8.7990394e+00   6.8674759e-01   7.2689596e-01   9.8607306e-01   1.6631272e-01   6.5817016e+00
  -9.7390568e-01   5.3153676e-01   2.5928976e+00  -9.3964892e+00  -9.8943914e-01   1.4494892e-01   1.2935882e-01   9.9159785e-01  -5.6427718e+00
  -3.7509988e+00  -2.7049651e+00   3.4926432e+00  -9.6495672e-01   5.3297834e-01  -8.4612888e-01  -2.3681506e-01  -9.7155475e-01   1.6799090e+00
   4.1398743e-01   1.1410455e+00   1.9288724e-01   8.9884464e+00   2.1237774e-01  -9.7718765e-01   9.8706106e-01  -1.6034481e-01  -4.4498787e+00
  -4.2941008e-01  -9.7045692e-01  -1.5425001e+00   3.8026800e+00  -3.3728090e-01  -9.4140405e-01  -3.2871875e-01  -9.4442786e-01   1.4549633e+01
   3.9761398e+00   2.4855727e+00   2.9229048e-01  -1.0478319e+01  -6.4695122e-01  -7.6253139e-01   4.6568727e-01  -8.8494936e-01  -8.2865098e+00
   3.7291054e+00   4.5726958e-01   2.9545449e+00  -3.9666864e+00   2.8542202e-01  -9.5840194e-01  -9.5987880e-01   2.8041520e-01   1.9381302e-01
   4.1749163e-01  -1.1269977e+00   7.9544534e+00   8.9455405e-01   7.8453261e-01  -6.2008756e-01  -1.0320419e-01   9.9466019e-01   1.3048083e+01
  -3.8915490e+00  -2.9408743e+00   5.0302313e+00  -3.2567794e+00   3.4449760e-01  -9.3878720e-01  -1.3711010e-01  -9.9055581e-01  -5.7691705e+00
   9.9064819e-01   1.3213649e+00   9.0669795e+00  -1.4392145e+01   4.7542262e-01  -8.7975754e-01   4.8372707e-02  -9.9882936e-01   1.8304509e+01
   1.6908984e-01  -3.6890113e-01  -1.0020313e+00   2.7157241e+00  -9.5789615e-01  -2.8711490e-01  -9.9954177e-01  -3.0269770e-02  -5.7181646e+00
   2.1626139e+00   3.8463155e-01   7.6749692e+00   5.8991441e+00  -4.6788819e-01  -8.8378767e-01   9.7800529e-01   2.0858010e-01  -1.0147400e+01
  -1.3965187e-01  -7.1382325e-01  -9.7673665e-03   4.4784148e+00  -2.1172658e-01  -9.7732894e-01  -9.6508346e-01   2.6194258e-01   2.1948334e+00
  -3.0595589e-01  -1.7818148e+00   1.6431310e+00   2.4797437e+00  -4.8618290e-01  -8.7385708e-01  -6.7502336e-02  -9.9771912e-01   1.0759315e+00
   6.6616370e-01   1.7997115e+00  -1.6786659e+00  -3.5200254e+00   9.9640843e-01   8.4677316e-02   5.0498102e-02   9.9872416e-01  -1.9210128e+01
  -2.4765175e-01   5.7467565e-01  -9.9528416e-01  -1.0242920e+01   4.2731524e-01  -9.0410270e-01   8.6670351e-01   4.9882365e-01   1.9503890e+01
  -1.5916424e-01  -1.8055629e+00   3.4994611e+00  -1.1275749e+00  -2.4303505e-01  -9.7001751e-01   8.0923096e-02  -9.9672035e-01  -4.6279700e+00
   1.8998560e+00   2.0867072e-01  -2.5366159e+00   6.6419255e+00  -9.9972728e-01   2.3353105e-02  -5.7204863e-02   9.9836246e-01   7.9708971e+00
   5.9581806e-01   1.6952588e+00  -3.7652818e+00   5.4783828e+00  -3.9403082e-01  -9.1909723e-01   3.5012021e-01  -9.3670478e-01   2.6742506e-01
  -2.9366900e+00  -3.1036920e+00   5.3003849e+00  -4.3189461e+00   1.8765286e-01  -9.8223541e-01  -8.5499858e-02  -9.9633818e-01   3.5748899e+00
   1.1192506e+00   3.0092476e+00  -4.3802649e+00  -5.2008242e-01   6.6722004e-01  -7.4486067e-01  -6.2150243e-01  -7.8341223e-01  -4.6065583e+00
   1.4427675e+00   1.0867834e+00  -5.8550151e+00  -6.8923756e+00   1.9322214e-01  -9.8115504e-01   9.8593376e-01   1.6713655e-01   6.5718705e-02
  -2.1828583e-01   1.5421262e+00  -1.2950848e+00  -1.1708850e+01   5.2455425e-01  -8.5137703e-01   9.4275885e-01   3.3347526e-01   1.9477109e+01
  -3.3329588e-02   2.1461919e+00   1.6105746e+00  -1.4627939e+01   5.6535568e-01  -8.2484723e-01   7.6870857e-01  -6.3959920e-01  -1.6049059e+01
  -2.4993584e-01   5.2507793e+00  -1.2603919e+01  -5.4301663e+00   2.1888193e-01  -9.7575135e-01   6.7849856e-01  -7.3460173e-01   1.9862354e+01
  -4.4551245e-01  -4.4557753e-01  -2.5183097e+00   4.6170264e+00  -4.3913596e-01  -8.9842062e-01  -4.8311910e-01  -8.7555465e-01   6.1877210e+00
  -5.9277129e-01  -8.2543850e-01  -1.7464695e+00   2.0079795e+00  -2.4112892e-01  -9.7049309e-01  -8.3752503e-01  -5.4639896e-01   4.7090239e-01
  -1.2522293e+00  -6.7461984e-01  -3.7515966e+00   2.9777959e+00  -2.6803600e-01  -9.6340890e-01   2.8030856e-01  -9.5990995e-01  -1.8561983e+00
   1.4414590e+00   3.4914312e-01  -3.9281845e-01   4.7472775e+00  -8.8159069e-01   4.7201467e-01  -2.9722952e-01  -9.5480606e-01  -2.4923320e+00
  -9.9264729e-02   4.2486730e-01  -5.4158110e+00   1.2685337e+01  -4.7105198e-01  -8.8210545e-01  -6.6347699e-01  -7.4819669e-01  -1.3876297e+01
  -4.6424616e-01  -1.1284440e+00  -1.1780382e+00   4.4563152e+00  -5.1049000e-01  -8.5988369e-01  -4.0179623e-01  -9.1572910e-01  -6.6319332e-01
   1.9204947e+00   6.0594920e-01  -2.5603444e+00   7.2843791e+00  -9.9452943e-01  -1.0445677e-01   2.8578418e-01   9.5829401e-01   3.5389283e+00
   3.6628961e+00   4.9325685e-01   2.6270561e+00  -1.4440548e+00   5.0418405e-01  -8.6359623e-01  -8.4130604e-01   5.4055910e-01   8.6771248e+00
  -4.6039761e-01   8.5734877e-02  -2.5438369e+00  -3.5991028e-01   2.1842019e-02  -9.9976143e-01  -8.1613441e-01  -5.7786212e-01   8.1841108e+00
   1.0111665e+00   2.9340141e+00  -7.8388007e+00   5.8436047e-01  -7.3787263e-01   6.7493999e-01  -6.7299542e-01   7.3964665e-01   3.0956583e+00
  -3.6933697e-01   1.0830130e+00  -4.7212496e+00   2.7866551e+00  -9.7283071e-02  -9.9525675e-01  -6.6354975e-01  -7.4813216e-01  -2.8321210e+00
  -3.6661544e-01   1.2600137e+00  -2.4873357e+00  -5.7223852e+00   3.6198582e-01  -9.3218360e-01  -5.3188955e-01  -8.4681374e-01   1.9999374e+01
  -2.6028038e+00  -3.2424444e-01  -2.7663351e+00   1.2087212e+00  -5.6279562e-01  -8.2659609e-01   2.3339448e-01  -9.7238214e-01   1.3705204e+01
   4.9303022e-01   3.9125163e+00   6.8329238e-01  -1.5445294e+01   9.8898069e-01  -1.4804454e-01   1.4867011e-01  -9.8888685e-01  -5.3736607e+00
   8.2362427e-01   9.1900440e-01  -9.1414316e+00  -3.4921376e+00   3.8258331e-02   9.9926788e-01  -6.4166599e-01   7.6698419e-01   1.0329045e+01
   4.9895840e-01  -6.0684370e-01   5.3105020e+00  -4.8324044e+00   9.9920911e-01  -3.9763764e-02   1.4053250e-01   9.9007607e-01   3.2913668e+00
  -5.4069735e-01   2.1846535e+00  -3.8480411e+00  -8.7662323e+00   4.3761722e-01  -8.9916137e-01  -4.5237767e-01  -8.9182646e-01   1.9692723e+01
   2.2720962e-01   3.1072140e+00  -3.0919086e+00  -2.1733382e-02   9.2895946e-01  -3.7018148e-01   9.3461943e-02   9.9562285e-01  -3.5667139e+00
  -1.8490066e-01   2.3796035e-01  -2.2145678e+00   1.0186686e+00  -8.5008119e-02  -9.9638026e-01  -7.6794445e-01   6.4051645e-01   7.0795357e+00
   3.8504707e-01   4.0790771e-02   3.2545871e+00   6.3800676e+00   3.0095911e-01  -9.5363705e-01   9.7509577e-01   2.2178422e-01   1.5397382e+01
  -3.2716576e-01  -1.7545275e+00   1.2426046e+00   2.9160208e+00  -4.8551264e-01  -8.7422965e-01  -1.2360878e-01  -9.9233103e-01   4.1215477e+00
   1.2474070e-01   8.5650407e-01  -8.2657477e-01  -8.8677986e-01   1.7119952e-01  -9.8523638e-01   5.9289583e-02  -9.9824083e-01  -1.5019675e+01
   7.3997898e-02  -1.1530697e+00  -2.7799254e+00   3.5963507e+00   9.9523527e-01   9.7502651e-02   8.9083676e-01  -4.5432353e-01   9.7503525e+00
  -2.3517146e-01   3.7855293e+00  -1.4861011e+01   1.1768643e+01   5.1141266e-01  -8.5933526e-01  -1.5667767e-01  -9.8764979e-01  -6.2934109e+00
   1.5231527e+00  -1.1477334e-01  -3.4233212e+00  -5.1422292e-02   8.0624121e-01  -5.9158694e-01   8.4667504e-01   5.3211030e-01  -2.4195140e-01
   7.3436431e-01   9.3261926e-01  -1.3078642e+00  -5.6399639e+00   9.8771325e-01   1.5627710e-01  -1.7702326e-01   9.8420667e-01  -1.9040730e+01
   9.3457877e-03  -4.7807607e-03   2.3273882e-02   7.6671226e-03   1.4202564e-02  -9.9989914e-01  -3.6395337e-03  -9.9999338e-01  -9.8300948e+00
   1.1092071e+00   3.3254871e-01  -5.9988466e+00  -1.5853267e+01   5.4756024e-01  -8.3676627e-01  -7.6606413e-01   6.4276414e-01  -1.3220871e+01
  -6.6306108e-01  -9.6087081e-01  -1.8376999e+00   2.2352678e+00  -3.0188868e-01  -9.5334318e-01  -8.8173941e-01  -4.7173681e-01   3.0801581e+00
   8.7076487e-01   9.9841762e-02  -1.7088658e+00  -9.0139548e+00   9.7445775e-01   2.2457090e-01  -7.4001023e-01   6.7259561e-01  -1.4644894e+01
   1.0579244e+00   1.6291732e+00  -2.9615892e+00   7.0970992e+00   9.5070352e-01   3.1010129e-01   6.8822721e-01  -7.2549521e-01  -1.6943457e+01
  -3.5254924e+00  -1.8674945e-01  -3.3119734e+00   1.8382473e+00  -3.2585613e-01  -9.4541937e-01   3.1291231e-01  -9.4978202e-01  -8.4983873e+00
   8.0821222e-02   3.1370131e+00  -4.3902902e+00  -2.8914925e+00   9.0995370e-01  -4.1470985e-01  -2.4493067e-01   9.6954060e-01   9.6181078e+00
  -4.0245746e-01  -1.2544444e+00  -4.1492343e-01   3.8132641e+00  -5.0356899e-01  -8.6395502e-01  -2.8839406e-01  -9.5751181e-01   8.2173319e+00
   8.2334475e-01   1.8355422e+00   1.8628919e+00  -8.8089115e-01   9.7094746e-01  -2.3929276e-01  -7.2423839e-03   9.9997377e-01   2.0004582e+00
  -4.4880655e-01   3.0274727e-01  -3.9285483e+00   4.2155803e+00  -2.8529679e-01  -9.5843922e-01  -6.6926042e-01  -7.4302792e-01  -2.0203135e+00
   2.2952938e-01   2.1500413e-01  -5.3978577e+00   8.8345679e+00  -6.4355665e-01  -7.6539849e-01   3.6489409e-01  -9.3104903e-01  -9.7457670e+00
   2.1965010e+00  -2.1699161e-01   7.6679992e+00  -5.5469923e+00   3.4224772e-01  -9.3960976e-01   9.6762531e-01   2.5239108e-01  -3.4337046e+00
  -1.4359154e-01  -1.7638937e+00   2.9011561e+00   3.9482057e-01  -2.8009368e-01  -9.5997267e-01   4.5528335e-02  -9.9896305e-01  -6.1136307e+00
   2.2043115e-01  -1.7810116e+00   7.2035184e+00   1.1401408e+01   7.5179221e-01   6.5940008e-01  -9.9957849e-01  -2.9031790e-02   2.7611151e+00
  -5.9301057e-01  -1.4490115e+00  -5.5249664e+00  -1.5477212e+01  -6.4570799e-01  -7.6358443e-01  -8.5797395e-02   9.9631261e-01   7.9225313e+00
   1.0828304e+00  -1.0199042e+00   2.5053822e+00  -1.0273950e+01   6.8222191e-01  -7.3114517e-01  -8.4075156e-01  -5.4142110e-01  -7.7781235e+00
   4.3970890e-01  -9.6461875e-01   9.1485312e+00  -4.3707187e+00  -9.9469469e-01   1.0287113e-01   2.7605380e-02  -9.9961890e-01  -1.1929870e+01
  -4.0413322e-01  -6.1826784e-01  -1.5990137e+00   3.8107592e+00  -4.4751562e-01  -8.9427612e-01  -3.1824056e-01  -9.4800999e-01   1.1172738e+01
  -4.4230204e-01   6.2015622e-01  -3.0577965e+00  -2.2527330e+00   1.6312055e-01  -9.8660615e-01  -7.7797192e-01  -6.2829904e-01   1.4527023e+01
  -3.2160235e-01   8.0535236e-01  -3.4766233e+00   2.2755437e-01   1.0699377e-01  -9.9425969e-01  -7.1551604e-01  -6.9859631e-01   1.2580568e-01
  -5.4259867e-01   2.4343039e+00  -4.4417506e+00  -9.3064500e+00   4.7256911e-01  -8.8129361e-01  -4.7529931e-01  -8.7982417e-01   1.9882244e+01
  -5.0338081e-01  -2.4060229e+00   6.5592713e+00  -1.1483389e+01  -9.1874667e-01  -3.9484751e-01  -7.8068349e-01   6.2492662e-01   9.0303681e+00
   5.5065082e-02  -4.3472439e-01  -3.5425924e+00  -2.2180323e+00  -6.2181695e-01  -7.8316261e-01  -9.7944179e-01   2.0172700e-01  -1.9393982e+00
  -9.4753970e-02   1.6653760e+00  -6.0517864e+00  -4.4537383e+00   3.0884642e-01  -9.5111192e-01  -8.4295661e-01   5.3798155e-01   1.9535428e+01
   2.7141129e-02   3.1434520e-01  -4.5172870e-01  -1.3202298e-01   4.5380906e-02  -9.9896976e-01   1.5093076e-03  -9.9999886e-01   1.5190219e+01
   3.2796071e-01   7.2286477e-01  -4.1755084e+00  -3.4475082e+00   8.8539193e-01  -4.6484528e-01  -9.8691956e-01  -1.6121344e-01  -4.8377620e+00
   1.3657572e-01  -3.8515821e-01   2.0212131e+00  -1.9452779e+00   1.4158463e-01  -9.8992616e-01   1.3018292e-01  -9.9148999e-01   4.3165285e+00
   1.1086430e+00   2.1355390e+00   4.7453711e+00   4.0751236e+00   7.3654863e-01  -6.7638459e-01   1.3701465e-01   9.9056902e-01   1.3672513e+01
   1.3890153e-02   5.5079183e-01  -1.1548870e+00   3.5036234e-01   2.9446176e-02  -9.9956637e-01  -9.3912835e-03  -9.9995590e-01  -8.8149801e+00
  -6.2698030e-02   2.5962475e+00  -5.1132279e+00  -6.0741168e+00   7.8490112e-01  -6.1962104e-01  -2.3852567e-02   9.9971549e-01   1.8831183e+01
  -3.5519307e+00   1.2723520e-01  -5.3415497e+00   4.9187520e+00   7.5720150e-02  -9.9712911e-01  -5.6675116e-02  -9.9839267e-01   1.2994396e+01
  -6.0742266e-01  -1.0312927e+00  -1.8415746e+00   3.6400487e+00  -3.8806315e-01  -9.2163279e-01  -7.8086203e-01  -6.2470352e-01  -1.1089051e+00
  -4.0598699e+00  -3.7483906e+00   7.5750806e+00  -5.5347039e+00   2.9334027e-02  -9.9956966e-01   9.3951072e-02  -9.9557682e-01  -2.4485504e+00
   5.8265880e-02   2.4289445e+00  -2.9327599e+00  -5.1207694e+00   4.7560133e-01  -8.7966094e-01   9.7828916e-01   2.0724461e-01   1.9997683e+01
   3.5520775e+00   9.8016129e-01  -1.5523443e-01  -5.4822551e-01   7.7222148e-01  -6.3535343e-01  -7.9927454e-01   6.0096607e-01  -4.4575662e+00
   1.9624375e+00   2.4301129e-01   1.3663442e+00   4.9599464e+00  -9.2014116e-01   3.9158682e-01  -9.9729261e-01  -7.3535370e-02  -1.3508595e+01
  -1.0325877e+00   5.3328174e-01   1.2377768e+00  -1.2720956e+01  -9.9914116e-01  -4.1435906e-02   9.6315120e-01  -2.6896052e-01   1.6600883e+01
   1.2615232e-01  -4.7346900e-01  -2.2408805e+00   1.7147160e+00  -8.9732450e-01  -4.4137143e-01  -9.7957770e-01   2.0106599e-01  -4.6903993e+00
   6.0409569e-01   4.1910668e+00  -5.8629242e+00   5.8868386e+00   9.4041234e-01  -3.4003622e-01   9.9116026e-01   1.3267001e-01   1.7688374e+00
   1.2440707e+00   1.1011831e+00   2.9621955e-01   1.5162807e+01   7.4921192e-01  -6.6233035e-01   6.6987470e-01   7.4247416e-01   7.3869188e+00
   1.3981789e+00   3.1785078e+00  -2.7399027e+00  -4.1936072e+00   8.7196957e-01  -4.8956007e-01  -4.5826376e-01  -8.8881625e-01   1.6937994e+01
   3.6961733e+00   8.6190925e-01   1.9658417e+00  -3.0935808e+00   4.0105563e-01  -9.1605370e-01  -8.9692113e-01   4.4219056e-01  -3.5627897e+00
  -5.8606121e-01   2.2623390e+00  -5.6782698e+00  -7.4126756e+00   4.2102225e-01  -9.0705031e-01  -7.3170427e-01  -6.8162223e-01   1.2117526e+01
   1.5232107e+00   3.1746473e+00   2.0946652e+00   1.0570842e+01   2.1455970e-01  -9.7671088e-01   9.6878466e-01   2.4790376e-01  -1.0549316e+01
  -2.1214786e-01  -1.9740012e+00   2.8361713e+00   1.1973246e+00  -3.8553133e-01  -9.2269475e-01   2.5430199e-02  -9.9967660e-01  -1.2201185e+00
   1.4362865e-01   2.9130336e+00  -7.0210430e+00  -1.2428462e+01   8.6488203e-01  -5.0197518e-01  -9.5119913e-01  -3.0857773e-01   1.9143384e+01
   1.3988961e+00  -1.4994385e-01   1.6141729e+00   3.2208175e+00   9.2710869e-01  -3.7479259e-01   9.9878730e-01  -4.9233485e-02   1.0517078e+01
   1.3020776e-01  -1.0481534e+00  -4.1698558e+00   4.6136678e+00   9.9711377e-01  -7.5921930e-02   9.6476178e-01  -2.6312489e-01   3.2886268e+00
  -2.5855833e+00  -8.0213289e-01  -7.4649409e-01  -1.2319876e+00   5.4891098e-01  -8.3588082e-01  -3.4691867e-01  -9.3789522e-01  -1.9858969e+01
  -1.3164205e+00   5.1473536e-02  -4.3660135e+00   1.4117085e+00   4.1424468e-01  -9.1016556e-01  -3.0451354e-01  -9.5250801e-01  -1.0448578e+01
   1.3593242e-03   5.4696626e-01  -1.4315111e+00   4.4648605e-01   1.1806453e-01  -9.9300592e-01  -1.6551126e-01  -9.8620790e-01  -1.0722541e+01
  -3.8718795e-01  -1.4672577e+00   2.5315738e-01   3.4854605e+00  -5.2710455e-01  -8.4980044e-01  -2.1559747e-01  -9.7648232e-01   4.1376074e-01
   1.0578121e-01   1.7720874e+00  -4.3280115e+00   2.6104220e+00   1.3692624e-01  -9.9058125e-01  -3.7196809e-01  -9.2824552e-01   5.9479869e-01
   6.6510042e-01   2.6202963e+00   6.7137300e+00  -1.9095816e+01   9.4650604e-01  -3.2268610e-01   8.3686580e-01  -5.4740810e-01  -1.6491294e+01
  -2.9268993e-01   1.6052724e+00   2.4007194e+00  -1.6643332e+01   5.6758825e-01  -8.2331257e-01   7.8783582e-01  -6.1588531e-01  -1.4939838e+01
   1.2254830e+00   2.5694121e+00   4.8517475e+00   7.0121546e+00   5.5070655e-01  -8.3469893e-01   4.0350189e-01   9.1497881e-01   1.1184216e+01
   1.5681003e+00  -9.7273101e-01   4.7333899e-01  -1.1811116e+01   3.4519430e-01  -9.3853125e-01  -7.0349415e-01  -7.1070105e-01  -3.6670270e-01
   7.0403088e-01   1.8734639e+00  -4.8663501e+00  -1.0664113e+01   6.9190724e-01   7.2198641e-01   7.4492918e-02   9.9722154e-01  -5.9656367e+00
   1.1496965e+00   4.3508220e-01   8.0444591e-01   1.0969965e+01   8.9648754e-01   4.4306895e-01  -1.1593417e-01  -9.9325690e-01  -1.6920034e+01
  -1.0078880e-02  -7.6530886e-01   1.6495560e+00  -5.2768061e-01  -2.8446626e-02  -9.9959531e-01   1.0277225e-02  -9.9994719e-01  -9.1388563e+00
  -4.7566740e-03  -1.5379138e-03  -1.1044706e-02  -1.6573049e-02  -6.7300186e-03  -9.9997735e-01   1.6969960e-02  -9.9985600e-01  -1.5171821e+01
   4.0539549e+00   5.1751385e+00  -8.2324964e+00  -9.8322416e-01   9.9923563e-01  -3.9091676e-02   9.8201605e-01  -1.8879744e-01   6.1462616e+00
  -4.2668068e-01   3.6759715e-03  -2.3343344e+00   9.6023345e-02   3.1904849e-02  -9.9949091e-01  -8.0753355e-01  -5.8982165e-01   1.6637075e+00
   8.3112979e-01   3.1504320e+00  -7.0774229e+00   6.2881268e+00   2.1040514e-01  -9.7761428e-01  -4.0182089e-01  -9.1571828e-01  -1.7402042e-03
   1.9001515e+00  -2.2426375e-01  -2.3745453e+00   6.2092562e+00  -9.8925466e-01   1.4620265e-01  -3.6907419e-01   9.2939994e-01   7.8155796e+00
  -1.6463390e+00  -2.6530416e+00   3.5238252e+00  -2.4801496e+00   4.9879313e-01  -8.6672107e-01  -1.3129878e-01  -9.9134284e-01  -1.0591415e+01
  -4.6643637e-01   2.4871322e+00  -3.3774661e+00  -1.1528150e+01   6.2046890e-01  -7.8423105e-01  -3.3877826e-01  -9.4086625e-01   1.9397952e+01
   6.2685819e-01  -1.5427629e-01  -3.1514059e+00  -1.3567119e+01   4.5620449e-01   8.8987497e-01  -4.5682746e-02  -9.9895600e-01  -9.0387661e+00
   1.1641875e+00   2.2084797e-01   4.5476064e+00   1.4786266e+01   9.4612101e-01   3.2381326e-01  -6.8753067e-01  -7.2615534e-01  -1.8758343e+01
   2.0629458e+00   2.1382684e-01   2.0201413e-02   1.3633475e+01   7.2239490e-01  -6.9148074e-01  -4.4972119e-01   8.9316899e-01  -3.0681139e-01
   2.1906597e-01  -3.9982695e+00   8.9995215e+00   4.3386418e+00  -2.0157367e-01  -9.7947336e-01   9.1456486e-01  -4.0443927e-01   1.2967791e+01
   1.4944179e+00  -1.7943778e+00   5.8635045e+00   2.8283649e+00   7.7724072e-01  -6.2920335e-01  -7.2820017e-01  -6.8536451e-01   1.8071886e+01
  -6.9437373e-01   9.5719438e-01  -4.6945540e+00  -2.9934084e+00   1.4297641e-01  -9.8972610e-01  -8.8909914e-01  -4.5771468e-01   1.9898837e+01
   1.3455025e-01   1.1306572e+00  -6.9540553e+00   4.2305159e+00   8.0802145e-01  -5.8915306e-01   9.7751498e-01   2.1086597e-01  -1.2037874e+01
  -6.5154065e-01   2.5325427e+00  -1.0078865e+01  -1.9980174e+00  -8.1931378e-01  -5.7334538e-01   6.0385000e-01  -7.9709797e-01   1.0721973e+01
  -1.0124731e+00   2.7123486e-01   4.0941955e-01  -1.2780321e+01  -9.9983847e-01  -1.7973202e-02   9.2516237e-01   3.7957160e-01   1.4652081e+01
   5.2467623e-01   1.1783569e+00  -1.8113976e+00   3.9026904e+00  -5.1496134e-01  -8.5721340e-01   5.5351141e-01  -8.3284159e-01   4.1221079e+00
   1.6851438e-01   1.5176329e-01   2.2810252e+00  -9.1666593e+00   3.7612310e-01  -9.2656970e-01   9.9043932e-01   1.3794909e-01  -1.3322362e+01
   1.4922935e+00  -4.3766631e-01  -1.7691397e+00   1.2663832e+00   9.3038893e-01  -3.6657393e-01   8.8200661e-01   4.7123703e-01   1.9373389e+00
  -3.4360360e+00  -1.4096118e+00   7.1670051e-02  -6.2702728e-02  -4.5620161e-01  -8.8987644e-01   3.8545857e-01  -9.2272514e-01   4.1916447e+00
  -1.6996571e-01  -4.9662843e-01  -3.7024727e-01   3.4365811e+00  -2.0347827e-01  -9.7907946e-01  -8.9479434e-01   4.4647855e-01   3.5494468e+00
   1.7872608e+00  -4.4081779e-01   7.1097949e+00   9.0239745e+00  -1.3860554e-01  -9.9034767e-01  -8.1094683e-01  -5.8511985e-01  -4.0586225e+00
   5.3439075e-01   2.3804470e+00  -1.4963667e+00  -2.0383693e+00   9.9997113e-01  -7.5985756e-03  -4.3825630e-01   8.9885005e-01  -1.7286768e+01
   1.8475505e-01  -2.5574864e-01  -2.0446272e-01   2.7369664e+00  -9.6628903e-01  -2.5745972e-01  -9.8591616e-01  -1.6724030e-01  -6.6679519e+00
   1.0461419e-01  -5.2282429e-02   7.3888053e-01  -9.8734991e-01   1.6924896e-01  -9.8557333e-01   1.1784279e-02  -9.9993056e-01   1.3726720e+01
  -2.5462762e-01  -2.1792374e+00   3.1610709e+00   1.4311418e+00  -4.2478210e-01  -9.0529562e-01   3.1505105e-02  -9.9950359e-01   1.1257637e+00
   5.1696208e+00   1.0090933e+00  -8.8820882e+00  -7.9189010e+00  -9.2207065e-01   3.8702160e-01  -9.9922073e-01   3.9470724e-02  -1.0639670e+01
  -1.0692566e-01  -1.5218441e+00   2.8762709e+00  -3.7825956e-01  -1.7908617e-01  -9.8383339e-01   4.1618481e-02  -9.9913358e-01  -6.7107908e+00
   2.7979449e-02  -1.6033476e+00   3.4447373e+00   3.4935330e-01  -2.2416435e-01  -9.7455136e-01   3.1064036e-01  -9.5052752e-01   6.7671578e+00
  -6.5867898e-01  -1.1495993e+00  -2.7698342e+00  -1.4432048e+01  -4.7476019e-01  -8.8011520e-01  -7.3616655e-01   6.7680043e-01   1.9210836e+01
   3.9444392e-02   4.4566600e-01  -3.2636948e+00  -9.2394555e+00  -1.1553056e-01  -9.9330393e-01  -8.2287680e-01  -5.6821982e-01   7.9030644e+00
   8.0549859e-01  -1.0831997e+00   3.2511109e+00  -5.2450619e+00   8.9396735e-01   4.4813211e-01   6.3067955e-01  -7.7604336e-01   1.5385376e+00
  -1.3190919e-01  -2.1761408e+00  -7.4007339e-01   1.9336530e+01   9.9990277e-01   1.3944637e-02   8.3127052e-01  -5.5586808e-01   6.9465105e-01
   1.1784509e+00   3.7422061e+00  -7.4295519e+00  -5.3823175e-01  -9.3544155e-01   3.5348141e-01  -6.6956948e-01   7.4274943e-01   2.3287659e+00
  -4.1590224e-01   2.7085785e+00  -1.4242725e+00  -1.3463456e+01   5.6044353e-01  -8.2819264e-01   8.2567116e-02  -9.9658551e-01   1.3451648e+00
   8.2252903e-02  -1.9512913e+00   4.3974211e+00  -7.3496090e+00   7.8739577e-02  -9.9689522e-01   5.6496569e-01   8.2511440e-01  -1.6536232e+01
   1.5194935e+00   2.7542459e-01  -4.4625333e+00  -1.2605409e+00   6.7491285e-01  -7.3789745e-01   8.6197980e-01   5.0694262e-01  -2.1243114e+00
   7.0473251e-02   3.1795120e+00  -4.1574742e+00  -1.4551278e+00   8.4735198e-01  -5.3103167e-01   1.2778932e-01   9.9180134e-01   3.4484883e+00
  -6.1362912e-01  -1.0303230e+00  -1.8982048e+00   3.5998348e+00  -3.8999489e-01  -9.2081702e-01  -8.0343511e-01  -5.9539233e-01  -1.3183910e+00
   5.0408210e+00   1.2884424e+00  -5.5888748e+00  -1.0405973e+01  -2.4433646e-01   9.6969051e-01   1.9966043e-01   9.7986515e-01  -1.7351541e+01
   2.9395370e-01   2.5213236e-01   3.6485896e-01  -1.2882361e+00   4.5732342e-01  -8.8930045e-01  -3.7734478e-01  -9.2607285e-01   1.7724608e+01
  -2.3865946e+00  -2.5126741e+00   2.3394869e+00   6.4655213e-01  -5.8276461e-01  -8.1264101e-01   3.6008186e-01  -9.3292071e-01   1.3244586e+01
   9.1467103e-01   1.8057604e+00   2.8451883e+00  -1.2406429e-01   9.3628812e-01  -3.5123292e-01  -3.3827133e-02   9.9942770e-01   6.5392652e+00
   7.5794815e-01   2.6875547e-01  -6.5059404e-01  -9.2023384e+00   9.4818358e-01   3.1772299e-01  -8.5047504e-01  -5.2601541e-01  -1.0810109e+01
  -3.6303909e-01  -3.1583364e+00   6.0660439e+00  -9.2726857e+00  -7.5447030e-01  -6.5633418e-01  -3.7381981e-01   9.2750135e-01   5.4932998e+00
   1.4534221e+00   1.3886228e-01  -1.8091199e+00   4.7240442e+00  -9.0631809e-01   4.2259617e-01  -5.1143941e-01  -8.5931934e-01  -6.2238940e+00
  -2.4937543e-01  -2.3137175e+00   3.2708283e+00   1.6073027e+00  -4.3657049e-01  -8.9967006e-01   2.9996382e-02  -9.9955001e-01   1.2193104e+00
  -1.0913500e+00  -1.9616826e+00  -9.7529775e-02   6.6411901e-01  -3.9790991e-01  -9.1742449e-01   4.4454774e-01  -8.9575516e-01  -1.3509426e+00
   1.8488755e-01   1.7846868e-02   3.7180397e+00   1.1481908e+00  -8.2622535e-01  -5.6333975e-01  -8.4186066e-01  -5.3969493e-01  -4.8053702e+00
   1.0123494e-01   2.6937127e-01   2.7854710e-01  -1.4437510e+01   1.4745891e-02  -9.9989127e-01   3.1670470e-01  -9.4852419e-01  -1.8783714e+01
  -5.7334953e-02  -7.5466679e-01  -2.0583544e+00   1.9819249e+01   9.9302272e-01  -1.1792317e-01   8.9415161e-01   4.4776434e-01   1.8352800e+01
  -4.4255346e-01  -1.5216014e+00   1.4509158e-01   3.8605726e+00  -5.8412066e-01  -8.1166684e-01  -2.5224142e-01  -9.6766434e-01   9.4604421e-01
   1.4843189e+00   8.5912907e-01  -6.6208146e+00   5.3653555e+00  -8.2424798e-01  -5.6622899e-01  -9.2109547e-01   3.8933678e-01  -1.1148971e+01
   3.5022924e+00   1.0137664e+00  -9.8208136e-01  -7.6534563e-01   7.5385829e-01  -6.5703704e-01  -7.7911989e-01   6.2687494e-01   3.5601560e+00
  -2.7736284e-01  -1.7330997e+00   1.8523293e+00   1.9611977e+00  -4.2265719e-01  -9.0628963e-01  -3.1530919e-02  -9.9950278e-01   2.2466232e+00
  -5.8716250e-01  -7.5135348e-01   7.4266672e+00  -1.4234515e+01  -9.9873387e-01  -5.0305605e-02  -9.9970710e-01   2.4201423e-02   2.4656830e-01
   8.6392758e-01  -1.2389310e-02   9.4520964e-01  -8.6967767e+00   7.7204270e-01   6.3557067e-01   2.9373323e-02  -9.9956851e-01  -1.6408427e+01
   7.6016964e-01   1.0823627e-01  -1.6775489e+00  -7.9417050e+00   9.7415073e-01   2.2589898e-01  -4.9357772e-01   8.6970169e-01  -1.9126454e+01
   2.0984940e+00  -7.8984560e-01  -4.7838658e+00   1.3984940e+01   9.3721438e-01  -3.4875380e-01   9.8616872e-01   1.6574454e-01  -1.1709844e+01
   2.0587319e-01   3.4281501e+00  -4.5887245e+00  -1.4412384e+00   6.3529892e-01  -7.7226632e-01   9.3038350e-01   3.6658770e-01   1.9211351e+01
  -4.3675529e-01  -1.4536718e+00   1.6912223e-01   3.6838398e+00  -5.6913742e-01  -8.2224242e-01  -2.3223075e-01  -9.7266072e-01  -9.0023576e-02
   1.5632333e+00   7.0998964e-01  -6.8723433e+00  -3.4044381e+00  -3.0503861e-01  -9.5233999e-01  -8.7446001e-01   4.8509761e-01  -5.2990376e+00
  -2.8437442e-01   6.7632760e-01  -2.6468957e+00  -1.6969611e+00   2.5777272e-01  -9.6620558e-01  -6.8810816e-01  -7.2560813e-01   8.4550131e+00
   1.4677824e+00   9.9018062e-01   2.7849780e+00   4.5575496e+00   6.7543816e-01  -7.3741663e-01   6.1064535e-01  -7.9190420e-01   1.3528582e+01
  -4.4590128e-01   3.1892561e-01  -4.2014576e+00   4.1555108e+00  -1.9616173e-01  -9.8057156e-01  -5.1521177e-01  -8.5706291e-01   1.5682791e+01
   1.3963165e+00   3.6523555e-02   1.9976042e+00   3.8939279e+00   8.8956522e-01  -4.5680819e-01   9.7420682e-01  -2.2565696e-01   1.3761780e+01
   1.9542516e+00   7.2886226e-01  -2.5807345e+00   7.7049167e+00  -9.7303157e-01  -2.3067200e-01   6.1608521e-01   7.8767951e-01  -2.7509362e+00
  -3.3561198e-02  -1.2982044e+00   2.7236803e+00  -7.8838028e-01  -7.5219341e-02  -9.9716701e-01   1.7928919e-02  -9.9983926e-01  -1.0563377e+01
   1.1760402e+00   2.6907339e-01   7.3457247e+00   1.7100725e+01   9.9982452e-01   1.8733027e-02  -9.9999980e-01   6.2569100e-04  -1.3542727e+01
   1.5984797e-01  -8.3269006e-02  -5.5434310e+00   4.9863277e+00   9.4986940e-01  -3.1264696e-01   9.9968021e-01  -2.5287928e-02  -1.2993185e+01
   7.1843076e-01  -1.1622033e+00   6.2792548e+00  -6.4322934e+00   9.6583933e-01  -2.5914164e-01   2.7710848e-01  -9.6083864e-01  -5.4334939e+00
   1.9175802e+00  -4.7784693e-01  -2.1441967e+00   6.3399785e+00  -9.6637391e-01   2.5714096e-01  -6.3787111e-01   7.7014313e-01   3.0703300e+00
   6.1269596e-01  -5.1058775e-01   6.6522813e+00  -1.4395855e+01   8.2977570e-02  -9.9655142e-01  -9.9761336e-01  -6.9047656e-02   5.5842605e+00
   3.7468072e-01   2.8055377e+00  -2.0246809e+00   1.6995636e-01   9.6846306e-01  -2.4915718e-01   9.8880538e-02   9.9509931e-01  -5.4471140e+00
  -3.6421190e-02  -1.5106009e+00   3.1515013e+00  -9.2687478e-01  -7.3287076e-02  -9.9731089e-01   3.0725876e-02  -9.9952785e-01  -1.3756133e+01
  -4.1088172e-01   4.8114614e-01  -2.1905209e+00  -3.3126260e+00   2.4677177e-01  -9.6907363e-01  -7.0638338e-01  -7.0782945e-01   1.4188626e+01
   3.6175794e+00   4.3830219e-01   2.0903675e+00  -7.3580292e-03   6.9973503e-01  -7.1440247e-01  -8.1043617e-01   5.8582694e-01   5.6027514e+00
   1.5044626e+00  -1.7129131e+00   5.8667815e+00  -1.7018476e+01   2.0719413e-01  -9.7829985e-01  -8.4337120e-02  -9.9643728e-01   9.9828838e+00
   1.4191791e+00  -4.8748335e-03   6.0152038e+00   8.0064921e+00  -9.9878469e-01  -4.9286341e-02   8.8566748e-01  -4.6432006e-01  -6.2611753e+00
  -4.3369430e-01   2.6567278e-01  -3.2682970e+00   2.0178998e+00  -1.0786145e-01  -9.9416594e-01  -7.7654762e-01  -6.3005856e-01  -3.2453973e+00
   3.4430937e+00   7.1480460e+00  -9.9479522e+00  -5.5940976e+00   5.5683951e-01  -8.3062010e-01   9.3219246e-01  -3.6196301e-01   7.6754478e+00
  -5.0041790e-01   2.5126615e+00  -3.6145938e+00  -1.1503837e+01   6.0238569e-01  -7.9820516e-01  -3.7151467e-01  -9.2842708e-01   1.9772595e+01
  -2.2316160e+00  -3.7302406e+00   4.9596841e+00  -1.4900556e-01  -4.2912513e-01  -9.0324505e-01   3.7859361e-01  -9.2556300e-01   1.5232537e+01
  -9.7641853e-02   1.0915199e+00   1.8971787e+00  -1.1525841e+01   4.3193375e-01  -9.0190533e-01   8.1839102e-01  -5.7466176e-01   7.3706671e+00
  -4.5305558e-01  -1.1571145e+00  -1.1065979e+00   4.3556806e+00  -5.0881921e-01  -8.6087340e-01  -4.0253421e-01  -9.1540494e-01  -2.6545016e+00
   3.8766922e-02   3.4137604e-01  -5.2960345e+00  -4.9779792e+00   2.9042771e-01  -9.5689694e-01   9.8362634e-01   1.8021994e-01   1.6570251e+01
   3.6611612e-02  -3.1049722e-01  -3.7496094e+00  -4.1738712e+00  -4.6782321e-01  -8.8382207e-01  -9.9896680e-01   4.5445954e-02   1.3348784e+00
   2.3881405e+00   1.7657493e+00  -5.2770211e+00   1.3368830e+01  -9.0148138e-01  -4.3281789e-01  -6.7120332e-01  -7.4127330e-01  -5.5172597e+00
  -2.5648440e+00   1.1281058e-01  -5.3354984e+00   4.8563728e+00  -1.1096709e-01  -9.9382408e-01  -5.2805149e-02  -9.9860483e-01   5.0308390e+00
   3.7747416e+00   6.0596902e+00  -9.5342002e+00  -1.0593546e+00   8.8427930e-01  -4.6695836e-01   9.7473666e-01  -2.2335723e-01   1.1347119e+01
   8.4835875e-01  -6.4704441e-01   2.2699005e+00  -6.2286962e+00   8.2312062e-01   5.6786658e-01   3.8797521e-01  -9.2166981e-01  -9.6704714e+00
   7.2247880e-01  -2.7799850e+00   6.9577850e+00  -8.0722107e+00  -4.4165147e-01  -8.9718670e-01   8.1396608e-01  -5.8091241e-01  -4.5288077e+00
   2.0768180e+00   2.9217079e+00   4.4861583e+00  -9.9848291e+00   8.3601277e-01  -5.4870999e-01   8.1335765e-01  -5.8176398e-01  -1.8178820e+01
   4.6343272e-01   2.8178573e+00  -3.2479329e+00  -1.2873124e+01   8.8910321e-01   4.5770676e-01   9.6999350e-01   2.4313085e-01   1.3035863e+01
   1.4117530e+00   2.6281555e-01   6.5842547e+00   5.9079696e+00  -9.3333056e-01  -3.5901820e-01   9.9134629e-01  -1.3127275e-01  -1.7796450e+01
  -5.5677394e-01  -1.0493580e+00  -1.6432957e+00   3.3902396e+00  -3.5799217e-01  -9.3372459e-01  -7.4567216e-01  -6.6631301e-01  -2.5647097e+00
  -1.3693441e-02   1.0528046e-02   2.1662072e-02   6.4858322e-03   1.4503021e-02  -9.9989483e-01  -3.7067647e-03  -9.9999313e-01  -1.9367751e+01
   3.9785020e-01  -7.1015637e-01   9.0928672e+00   6.3815700e-01  -8.5114470e-01   5.2493114e-01   1.1898189e-01  -9.9289642e-01  -9.7535816e+00
  -3.0796850e-01   1.5506055e+00   2.0960655e+00  -1.5452487e+01   5.2812299e-01  -8.4916789e-01   7.4314312e-01  -6.6913250e-01  -1.2500893e+01
   6.3260513e-01  -2.5236871e+00   1.0037830e+01  -1.0054985e+01   7.9227892e-01  -6.1015909e-01   6.2960446e-01  -7.7691584e-01  -2.9808422e+00
   7.5974768e-01  -5.4572988e-01   4.4940488e+00  -5.3650870e+00   9.9999349e-01   3.6076394e-03  -7.0613969e-03  -9.9997507e-01  -6.2322699e+00
   5.0689052e-01  -2.3736859e-01   1.9652529e+00   3.0846155e+00  -4.6809328e-01  -8.8367906e-01   8.2630552e-01  -5.6322214e-01  -6.9862912e-01
  -6.4342168e-02  -1.3815794e+00   2.7205586e+00  -5.1000497e-01  -1.4008439e-01  -9.9013957e-01   3.9600383e-02  -9.9921560e-01  -8.0942112e+00
   2.0174716e+00   1.4273229e-01  -4.7876014e+00   8.3902238e+00  -7.3368045e-01  -6.7949467e-01   9.7094548e-01  -2.3930079e-01  -1.8081889e+00
   2.0481078e-01   2.2254760e+00  -3.9187372e+00  -7.1024828e+00   6.5082439e-01  -7.5922830e-01   1.3537954e-01   9.9079381e-01  -3.2849190e+00
  -4.5828285e-02  -1.4384214e+00   1.3392626e+00   9.2051267e+00  -6.5767923e-01  -7.5329810e-01   3.6546904e-01  -9.3082350e-01   9.4075256e+00
   9.4437761e-02  -1.0255182e+00   3.0177333e+00  -1.1764395e+00  -6.1387284e-02  -9.9811402e-01   2.8741098e-01  -9.5780736e-01  -9.9859126e+00
  -1.0538013e-01  -6.5478342e-01  -4.4624417e-01   5.7752122e+00  -2.2127869e-01  -9.7521061e-01  -9.9995289e-01   9.7067549e-03  -1.3600986e+00
  -8.4209951e-02   2.5660286e+00  -4.1064653e+00  -8.3784834e+00   6.4318551e-01  -7.6571039e-01   6.5884763e-01   7.5227642e-01   1.9669913e+01
   2.4586338e-01  -4.3887746e-01  -1.0731023e+00   7.0072441e+00  -8.4316155e-01  -5.3766030e-01   8.9366412e-01  -4.4873650e-01   2.3770299e+00
  -1.8576071e-01  -2.0784968e+00   3.1411030e+00   9.5473414e-01  -3.6019691e-01  -9.3287630e-01   2.3270194e-02  -9.9972921e-01  -3.0859631e+00
   5.0671174e-01   2.4837365e+00  -1.0115191e+00  -1.6425467e-01   9.8453278e-01  -1.7520048e-01   9.9976123e-02   9.9498984e-01  -5.3832494e+00
   1.9299468e-01  -3.6914118e-01   4.9133003e+00   1.0847817e+00  -6.8622927e-01  -7.2738531e-01  -8.1210223e-01  -5.8351519e-01  -1.7605590e+00
  -3.4467344e-01  -8.5511788e-01  -3.6123882e-01   2.2093934e+00  -4.4242245e-01  -8.9680677e-01  -1.7751015e-02  -9.9984244e-01  -2.5731578e+00
   3.0495651e+00   8.3924666e+00  -8.8500557e+00  -1.3949523e+01   9.7783820e-02  -9.9520768e-01   6.6885935e-01  -7.4338898e-01  -6.6083048e+00
   6.7632040e-01  -5.8230268e+00   1.8270714e+01  -1.0379991e+01  -3.2743215e-01  -9.4487469e-01  -8.9676531e-01  -4.4250647e-01  -2.8200589e+00
   1.3195245e-01  -1.7562551e+00   6.2915459e+00   1.1787282e+01   9.2833484e-01   3.7174511e-01  -8.5202490e-01   5.2350126e-01   5.4566073e+00
   1.3908776e-01   1.0629351e+00   2.2568118e+00  -1.0941916e+01   4.7820306e-01  -8.7824930e-01   9.3590633e-01  -3.5224899e-01  -1.0736521e+01
   1.5117177e+00  -3.3229035e-01  -2.5575624e+00   7.3420736e-01   8.8534351e-01  -4.6493749e-01   8.5667092e-01   5.1586328e-01   1.0111493e+00
  -2.5909621e+00   8.5451933e-01  -5.5941074e+00   2.6104167e+00  -3.8436654e-01  -9.2318057e-01   1.4870002e-01  -9.8888235e-01  -1.6638006e+01
  -1.5958362e-01   2.8605285e+00  -1.0095641e+00  -1.2962781e+01   5.9481819e-01  -8.0386026e-01   1.5402191e-01  -9.8806743e-01   8.4389214e+00
   5.9513169e-02   2.2196142e+00   1.3200638e+00  -1.2430080e+01   5.6692336e-01  -8.2377054e-01   5.7383069e-01  -8.1897396e-01  -7.5127571e+00
  -7.9674352e-01   7.5917075e-01  -2.7699508e-01  -9.0431495e+00  -6.8547679e-01   7.2809448e-01  -8.6740743e-01  -4.9759858e-01  -7.3753667e+00
   4.6417942e-01  -8.0682214e-01   6.1274431e+00  -2.7193542e+00   9.4851669e-01  -3.1672714e-01  -5.0636082e-02   9.9871717e-01   6.4100108e+00
   5.3307537e-01  -7.3389865e-01   5.3964893e+00  -7.5036856e+00   9.7503155e-01   2.2206638e-01   4.3367182e-01   9.0107089e-01   1.0498563e+01
   2.5079239e-01   9.0642529e-01  -1.0333371e+01   1.5404590e+01  -3.1830592e-01  -9.4798805e-01  -2.1579742e-01  -9.7643816e-01  -1.9809889e+01
  -3.2225363e+00  -2.4128928e+00   3.1141956e+00  -2.2262936e+00  -2.8162422e-01  -9.5952478e-01   3.1022047e-01  -9.5066464e-01  -2.7290857e+00
  -8.9785249e-02  -1.7375091e+00   3.2495019e+00  -3.4075796e-01  -2.0467364e-01  -9.7883027e-01   3.6077690e-02  -9.9934899e-01  -8.7906346e+00
   1.0846194e-01   1.5889482e+00  -2.8760012e+00  -8.8539631e+00   5.0802523e-01  -8.6134219e-01   5.1121653e-01   8.5945195e-01   1.3089192e+01
