  -2.0815331e+00
  -1.5632517e+00
  -1.3918446e+00
  -8.2594961e-01
   1.2408702e+00
   9.5722297e-01
  -1.1826559e+00
   2.1813610e+00
   2.5721467e-01
   2.1008380e-01
   6.7174355e-01
  -1.8611375e+00
  -4.8648058e+00
  -4.4728686e+00
  -1.1105583e+00
  -6.8954541e-01
  -3.0690694e+00
  -3.0102603e+00
   2.9495569e+00
   8.1233619e-02
  -4.1115215e+00
   3.9135775e+00
   2.1049714e+00
   1.9809908e+00
   1.3633478e+00
  -2.6505970e+00
  -1.8963925e+00
   1.2572440e+00
  -5.7454330e-01
   1.1736250e+00
  -1.3836155e+00
   2.1481208e+00
  -6.2162764e-02
   3.0620259e-01
  -2.5751168e-01
   2.4703519e+00
  -1.0577049e+01
  -7.1639329e-01
  -1.6769821e+00
  -2.1412614e+00
   1.9253055e+00
  -2.3776292e+00
  -2.1735142e-01
  -1.7597340e+00
  -1.6569389e+00
   7.5297165e+00
  -2.4517269e-01
  -1.4907680e+00
  -8.0102477e+00
   2.5578516e+00
  -3.5195882e+00
   1.4582021e+00
   1.0737257e+00
  -1.5186595e+00
  -6.6127974e-01
   7.8820086e+00
  -1.9599673e+00
   8.1451008e-02
   4.3088738e-01
   3.3182308e+00
   8.9622321e-01
  -2.7658697e+00
   4.5773593e-01
  -2.6310821e-01
   9.5421681e+00
  -1.3607598e+00
   8.1626098e-01
  -5.4377444e+00
  -8.4899886e-01
  -1.2094891e+00
   3.3424593e-01
   1.3161202e+00
   5.0103251e-01
   2.8407924e-01
   9.5105041e+00
   2.1794797e+00
  -2.7131496e+00
   5.4448332e-01
   1.6967977e+00
  -1.5507273e+00
   5.8482505e-01
  -6.5373136e-02
  -2.9793155e+00
  -5.7905051e-01
   3.3260699e+00
  -2.7616174e+00
   7.6844000e+00
   3.1794846e+00
   3.2281790e+00
  -2.2107523e+00
  -1.0025508e+00
   1.5359884e+00
  -3.5330892e+00
   4.0705725e+00
  -4.9133575e+00
   1.8821536e+00
  -3.1119474e-01
   1.8745649e+00
  -2.4190391e+00
   1.1449277e+00
  -2.0399813e+00
  -2.4065320e+00
   3.8456708e+00
  -1.7393372e-01
   6.9207664e-01
   9.4780199e-01
   1.4307383e+00
   9.4513127e-01
   8.6754047e-01
   8.5236282e-02
  -3.8192327e+00
  -4.3650993e+00
   4.9560958e-01
   2.1794862e+00
  -2.1557360e+00
  -2.2377662e+00
   2.9656034e+00
   8.2055206e-01
   2.6606060e-01
   5.1479878e+00
  -1.0192270e+00
   6.5725842e-01
   2.1761451e-02
   1.5553061e+00
   2.5933623e+00
   4.7095864e-01
  -2.8065771e+00
  -7.8022920e-01
  -6.0690687e-01
   2.2133901e+00
   1.2365173e+01
   1.8376005e+00
   5.9479158e+00
   1.0110084e+00
   4.7603087e+00
  -6.1504133e-01
  -1.1148139e+01
   4.3112579e-01
   3.2046064e+00
  -8.7805716e-01
   2.2152368e+00
  -1.8119570e+00
   1.0810990e+00
   1.7789997e+00
   1.2659833e+00
  -1.8328248e+00
  -1.9985337e+00
  -2.3795352e+00
  -2.2926732e+00
  -5.9790000e+00
  -1.0438042e+00
  -6.4738796e+00
  -2.0708150e+01
  -4.7083270e+00
  -1.2727049e+00
   5.6139046e-01
  -3.4334969e+00
  -2.7960141e+00
   4.4497891e-01
   2.0422810e+00
   2.3832991e-01
   4.6390005e+00
  -2.2522401e+00
  -3.2177173e+00
   1.0778164e+00
  -3.9026515e-01
  -6.4640260e-01
  -1.6623538e+00
  -1.2651324e+00
  -1.3420294e+00
   8.6611509e-01
  -2.6646226e+00
  -1.1684709e+00
   6.8542975e-01
   4.8355881e+00
   9.4667164e-01
   9.8565161e+00
   1.6962649e+00
   5.1588470e+00
  -1.6348331e+00
   8.6102061e+00
  -8.1467576e-01
   6.9456766e-01
   2.3691940e+00
  -4.1720474e+00
  -2.6305337e+00
  -2.0719027e+00
   8.8925550e-01
   2.1423750e+00
  -1.5090723e+00
  -6.4861679e-01
  -2.4681259e+00
  -1.7243885e+00
   1.8725659e-03
   8.0365062e-01
   9.6370012e-02
   5.4681112e-01
   3.2782279e+00
  -6.6895087e-01
   1.8199977e+00
   1.1631013e+00
  -1.9576141e+00
   1.1783891e-01
   1.2087911e+00
   2.0023489e-01
  -8.5570176e-01
  -2.8516481e+00
  -1.6018667e+00
  -2.3271965e+00
  -8.7645267e-01
   1.8346734e+00
  -9.7884968e-01
  -2.1340958e+00
  -4.3390529e+00
  -9.1105044e-01
  -3.4799385e-01
   4.3958103e+00
  -1.2029656e+00
  -1.7544371e+00
  -6.6793538e-01
   7.9012116e-01
   2.4041267e+00
  -1.1129820e+00
   4.4891692e-01
   3.6077031e-01
   1.6565877e-01
   1.1812204e+00
  -1.2084858e+00
  -2.8655604e+00
   3.2646577e-01
   1.1268988e+00
  -6.6066425e-01
   3.2276050e+00
  -1.3901540e+00
  -9.2142000e-01
   3.7794686e+00
  -3.2441645e-01
   3.6530743e-02
  -5.0181372e+00
  -4.3877612e+00
  -1.1600238e+00
  -1.0608292e+01
   1.7369062e-02
   2.1581481e+00
  -2.5576621e+00
  -1.2276257e+00
  -2.0222420e+01
  -3.6531522e+00
   1.7785664e+00
  -1.9008268e+00
   2.9100113e-01
   2.9749551e+00
   9.8272933e-01
  -2.7715974e+00
  -3.3985138e+00
   1.5982063e+00
   9.5999254e-01
  -3.1210815e+00
   1.3001522e+00
   1.9829307e+00
  -9.6925584e-01
   8.1607607e+00
   5.3097327e+00
  -5.2366444e-01
  -2.1562244e+00
   1.4967498e+00
  -1.1479464e+00
  -3.4082654e+00
   3.3314620e-01
  -1.7869104e+00
  -6.1821272e+00
  -1.3161125e+00
  -6.9717840e+00
   4.2382871e-01
   4.7539852e+00
   1.7927423e+00
   1.6667800e+00
   3.0001846e-01
   4.6002516e+00
  -2.5548203e+00
  -2.7808408e-01
  -1.6808555e+00
  -2.5248413e+00
   1.2876253e+00
  -2.4894805e+00
   8.3273203e-01
   2.8969581e-01
  -9.0410688e-01
   1.2534822e+00
   5.6712033e-01
  -4.3426653e+00
  -8.9459582e-01
  -1.1512130e+00
   4.6864456e-01
  -2.4376992e+00
   4.5066154e+00
   4.3066547e-01
  -2.9198131e+00
   5.4187478e-01
   3.8274766e+00
   3.5527803e+00
   1.7521079e+00
   6.7273807e-01
   2.2343524e+00
  -2.7315403e+00
  -1.3034157e+00
  -9.9872832e-01
   3.2265411e+00
  -2.3727697e+00
   1.8557721e-01
   3.3327449e+00
  -9.5451116e-01
  -2.0966123e+00
  -5.7213215e-01
  -1.4754705e+00
